2	0
3	1
4	2
5	2
6	3
7	3
8	4
9	4
10	4
11	4
12	5
13	5
14	6
15	6
16	6
17	6
18	7
19	7
20	8
21	8
22	8
23	8
24	9
25	9
26	9
27	9
28	9
29	9
30	10
31	10
32	11
33	11
34	11
35	11
36	11
37	11
38	12
39	12
40	12
41	12
42	13
43	13
44	14
45	14
46	14
47	14
48	15
49	15
50	15
51	15
52	15
53	15
54	16
55	16
56	16
57	16
58	16
59	16
60	17
61	17
62	18
63	18
64	18
65	18
66	18
67	18
68	19
69	19
70	19
71	19
72	20
73	20
74	21
75	21
76	21
77	21
78	21
79	21
80	22
81	22
82	22
83	22
84	23
85	23
86	23
87	23
88	23
89	23
90	24
91	24
92	24
93	24
94	24
95	24
96	24
97	24
98	25
99	25
100	25
101	25
102	26
103	26
104	27
105	27
106	27
107	27
108	28
109	28
110	29
111	29
112	29
113	29
114	30
115	30
116	30
117	30
118	30
119	30
120	30
121	30
122	30
123	30
124	30
125	30
126	30
127	30
128	31
129	31
130	31
131	31
132	32
133	32
134	32
135	32
136	32
137	32
138	33
139	33
140	34
141	34
142	34
143	34
144	34
145	34
146	34
147	34
148	34
149	34
150	35
151	35
152	36
153	36
154	36
155	36
156	36
157	36
158	37
159	37
160	37
161	37
162	37
163	37
164	38
165	38
166	38
167	38
168	39
169	39
170	39
171	39
172	39
173	39
174	40
175	40
176	40
177	40
178	40
179	40
180	41
181	41
182	42
183	42
184	42
185	42
186	42
187	42
188	42
189	42
190	42
191	42
192	43
193	43
194	44
195	44
196	44
197	44
198	45
199	45
200	46
201	46
202	46
203	46
204	46
205	46
206	46
207	46
208	46
209	46
210	46
211	46
212	47
213	47
214	47
215	47
216	47
217	47
218	47
219	47
220	47
221	47
222	47
223	47
224	48
225	48
226	48
227	48
228	49
229	49
230	50
231	50
232	50
233	50
234	51
235	51
236	51
237	51
238	51
239	51
240	52
241	52
242	53
243	53
244	53
245	53
246	53
247	53
248	53
249	53
250	53
251	53
252	54
253	54
254	54
255	54
256	54
257	54
258	55
259	55
260	55
261	55
262	55
263	55
264	56
265	56
266	56
267	56
268	56
269	56
270	57
271	57
272	58
273	58
274	58
275	58
276	58
277	58
278	59
279	59
280	59
281	59
282	60
283	60
284	61
285	61
286	61
287	61
288	61
289	61
290	61
291	61
292	61
293	61
294	62
295	62
296	62
297	62
298	62
299	62
300	62
301	62
302	62
303	62
304	62
305	62
306	62
307	62
308	63
309	63
310	63
311	63
312	64
313	64
314	65
315	65
316	65
317	65
318	66
319	66
320	66
321	66
322	66
323	66
324	66
325	66
326	66
327	66
328	66
329	66
330	66
331	66
332	67
333	67
334	67
335	67
336	67
337	67
338	68
339	68
340	68
341	68
342	68
343	68
344	68
345	68
346	68
347	68
348	69
349	69
350	70
351	70
352	70
353	70
354	71
355	71
356	71
357	71
358	71
359	71
360	72
361	72
362	72
363	72
364	72
365	72
366	72
367	72
368	73
369	73
370	73
371	73
372	73
373	73
374	74
375	74
376	74
377	74
378	74
379	74
380	75
381	75
382	75
383	75
384	76
385	76
386	76
387	76
388	76
389	76
390	77
391	77
392	77
393	77
394	77
395	77
396	77
397	77
398	78
399	78
400	78
401	78
402	79
403	79
404	79
405	79
406	79
407	79
408	79
409	79
410	80
411	80
412	80
413	80
414	80
415	80
416	80
417	80
418	80
419	80
420	81
421	81
422	82
423	82
424	82
425	82
426	82
427	82
428	82
429	82
430	82
431	82
432	83
433	83
434	84
435	84
436	84
437	84
438	84
439	84
440	85
441	85
442	85
443	85
444	86
445	86
446	86
447	86
448	86
449	86
450	87
451	87
452	87
453	87
454	87
455	87
456	87
457	87
458	88
459	88
460	88
461	88
462	89
463	89
464	90
465	90
466	90
467	90
468	91
469	91
470	91
471	91
472	91
473	91
474	91
475	91
476	91
477	91
478	91
479	91
480	92
481	92
482	92
483	92
484	92
485	92
486	92
487	92
488	93
489	93
490	93
491	93
492	94
493	94
494	94
495	94
496	94
497	94
498	94
499	94
500	95
501	95
502	95
503	95
504	96
505	96
506	96
507	96
508	96
509	96
510	97
511	97
512	97
513	97
514	97
515	97
516	97
517	97
518	97
519	97
520	97
521	97
522	98
523	98
524	99
525	99
526	99
527	99
528	99
529	99
530	99
531	99
532	99
533	99
534	99
535	99
536	99
537	99
538	99
539	99
540	99
541	99
542	100
543	100
544	100
545	100
546	100
547	100
548	101
549	101
550	101
551	101
552	101
553	101
554	101
555	101
556	101
557	101
558	102
559	102
560	102
561	102
562	102
563	102
564	103
565	103
566	103
567	103
568	103
569	103
570	104
571	104
572	105
573	105
574	105
575	105
576	105
577	105
578	106
579	106
580	106
581	106
582	106
583	106
584	106
585	106
586	106
587	106
588	107
589	107
590	107
591	107
592	107
593	107
594	108
595	108
596	108
597	108
598	108
599	108
600	109
601	109
602	110
603	110
604	110
605	110
606	110
607	110
608	111
609	111
610	111
611	111
612	111
613	111
614	112
615	112
616	112
617	112
618	113
619	113
620	114
621	114
622	114
623	114
624	114
625	114
626	114
627	114
628	114
629	114
630	114
631	114
632	115
633	115
634	115
635	115
636	115
637	115
638	115
639	115
640	115
641	115
642	116
643	116
644	117
645	117
646	117
647	117
648	118
649	118
650	118
651	118
652	118
653	118
654	119
655	119
656	119
657	119
658	119
659	119
660	120
661	120
662	121
663	121
664	121
665	121
666	121
667	121
668	121
669	121
670	121
671	121
672	121
673	121
674	122
675	122
676	122
677	122
678	123
679	123
680	123
681	123
682	123
683	123
684	124
685	124
686	124
687	124
688	124
689	124
690	124
691	124
692	125
693	125
694	125
695	125
696	125
697	125
698	125
699	125
700	125
701	125
702	126
703	126
704	126
705	126
706	126
707	126
708	126
709	126
710	127
711	127
712	127
713	127
714	127
715	127
716	127
717	127
718	127
719	127
720	128
721	128
722	128
723	128
724	128
725	128
726	128
727	128
728	129
729	129
730	129
731	129
732	129
733	129
734	130
735	130
736	130
737	130
738	130
739	130
740	131
741	131
742	131
743	131
744	132
745	132
746	132
747	132
748	132
749	132
750	132
751	132
752	133
753	133
754	133
755	133
756	133
757	133
758	134
759	134
760	134
761	134
762	135
763	135
764	135
765	135
766	135
767	135
768	135
769	135
770	136
771	136
772	136
773	136
774	137
775	137
776	137
777	137
778	137
779	137
780	137
781	137
782	137
783	137
784	137
785	137
786	137
787	137
788	138
789	138
790	138
791	138
792	138
793	138
794	138
795	138
796	138
797	138
798	139
799	139
800	139
801	139
802	139
803	139
804	139
805	139
806	139
807	139
808	139
809	139
810	140
811	140
812	141
813	141
814	141
815	141
816	141
817	141
818	141
819	141
820	141
821	141
822	142
823	142
824	143
825	143
826	143
827	143
828	144
829	144
830	145
831	145
832	145
833	145
834	145
835	145
836	145
837	145
838	145
839	145
840	146
841	146
842	146
843	146
844	146
845	146
846	146
847	146
848	146
849	146
850	146
851	146
852	146
853	146
854	147
855	147
856	147
857	147
858	148
859	148
860	149
861	149
862	149
863	149
864	150
865	150
866	150
867	150
868	150
869	150
870	150
871	150
872	150
873	150
874	150
875	150
876	150
877	150
878	151
879	151
880	151
881	151
882	152
883	152
884	153
885	153
886	153
887	153
888	154
889	154
890	154
891	154
892	154
893	154
894	154
895	154
896	154
897	154
898	154
899	154
900	154
901	154
902	154
903	154
904	154
905	154
906	154
907	154
908	155
909	155
910	155
911	155
912	156
913	156
914	156
915	156
916	156
917	156
918	156
919	156
920	157
921	157
922	157
923	157
924	157
925	157
926	157
927	157
928	157
929	157
930	158
931	158
932	158
933	158
934	158
935	158
936	158
937	158
938	159
939	159
940	159
941	159
942	160
943	160
944	160
945	160
946	160
947	160
948	161
949	161
950	161
951	161
952	161
953	161
954	162
955	162
956	162
957	162
958	162
959	162
960	162
961	162
962	162
963	162
964	162
965	162
966	162
967	162
968	163
969	163
970	163
971	163
972	164
973	164
974	164
975	164
976	164
977	164
978	165
979	165
980	165
981	165
982	165
983	165
984	166
985	166
986	166
987	166
988	166
989	166
990	166
991	166
992	167
993	167
994	167
995	167
996	167
997	167
998	168
999	168
1000	168
1001	168
1002	168
1003	168
1004	168
1005	168
1006	168
1007	168
1008	168
1009	168
1010	169
1011	169
1012	169
1013	169
1014	170
1015	170
1016	170
1017	170
1018	170
1019	170
1020	171
1021	171
1022	172
1023	172
1024	172
1025	172
1026	172
1027	172
1028	172
1029	172
1030	172
1031	172
1032	173
1033	173
1034	174
1035	174
1036	174
1037	174
1038	174
1039	174
1040	175
1041	175
1042	175
1043	175
1044	175
1045	175
1046	175
1047	175
1048	175
1049	175
1050	176
1051	176
1052	177
1053	177
1054	177
1055	177
1056	177
1057	177
1058	177
1059	177
1060	177
1061	177
1062	178
1063	178
1064	179
1065	179
1066	179
1067	179
1068	179
1069	179
1070	180
1071	180
1072	180
1073	180
1074	180
1075	180
1076	180
1077	180
1078	180
1079	180
1080	180
1081	180
1082	180
1083	180
1084	180
1085	180
1086	180
1087	180
1088	181
1089	181
1090	181
1091	181
1092	182
1093	182
1094	183
1095	183
1096	183
1097	183
1098	184
1099	184
1100	184
1101	184
1102	184
1103	184
1104	185
1105	185
1106	185
1107	185
1108	185
1109	185
1110	186
1111	186
1112	186
1113	186
1114	186
1115	186
1116	186
1117	186
1118	187
1119	187
1120	187
1121	187
1122	187
1123	187
1124	188
1125	188
1126	188
1127	188
1128	188
1129	188
1130	189
1131	189
1132	189
1133	189
1134	189
1135	189
1136	189
1137	189
1138	189
1139	189
1140	189
1141	189
1142	189
1143	189
1144	189
1145	189
1146	189
1147	189
1148	189
1149	189
1150	189
1151	189
1152	190
1153	190
1154	191
1155	191
1156	191
1157	191
1158	191
1159	191
1160	191
1161	191
1162	191
1163	191
1164	192
1165	192
1166	192
1167	192
1168	192
1169	192
1170	192
1171	192
1172	193
1173	193
1174	193
1175	193
1176	193
1177	193
1178	193
1179	193
1180	193
1181	193
1182	194
1183	194
1184	194
1185	194
1186	194
1187	194
1188	195
1189	195
1190	195
1191	195
1192	195
1193	195
1194	196
1195	196
1196	196
1197	196
1198	196
1199	196
1200	196
1201	196
1202	197
1203	197
1204	197
1205	197
1206	197
1207	197
1208	197
1209	197
1210	197
1211	197
1212	197
1213	197
1214	198
1215	198
1216	198
1217	198
1218	199
1219	199
1220	199
1221	199
1222	199
1223	199
1224	200
1225	200
1226	200
1227	200
1228	200
1229	200
1230	201
1231	201
1232	202
1233	202
1234	202
1235	202
1236	202
1237	202
1238	203
1239	203
1240	203
1241	203
1242	203
1243	203
1244	203
1245	203
1246	203
1247	203
1248	203
1249	203
1250	204
1251	204
1252	204
1253	204
1254	204
1255	204
1256	204
1257	204
1258	204
1259	204
1260	205
1261	205
1262	205
1263	205
1264	205
1265	205
1266	205
1267	205
1268	205
1269	205
1270	205
1271	205
1272	205
1273	205
1274	205
1275	205
1276	205
1277	205
1278	206
1279	206
1280	207
1281	207
1282	207
1283	207
1284	208
1285	208
1286	208
1287	208
1288	208
1289	208
1290	209
1291	209
1292	210
1293	210
1294	210
1295	210
1296	210
1297	210
1298	211
1299	211
1300	211
1301	211
1302	212
1303	212
1304	213
1305	213
1306	213
1307	213
1308	214
1309	214
1310	214
1311	214
1312	214
1313	214
1314	214
1315	214
1316	214
1317	214
1318	214
1319	214
1320	215
1321	215
1322	216
1323	216
1324	216
1325	216
1326	216
1327	216
1328	217
1329	217
1330	217
1331	217
1332	217
1333	217
1334	217
1335	217
1336	217
1337	217
1338	217
1339	217
1340	217
1341	217
1342	217
1343	217
1344	217
1345	217
1346	217
1347	217
1348	217
1349	217
1350	217
1351	217
1352	217
1353	217
1354	217
1355	217
1356	217
1357	217
1358	217
1359	217
1360	217
1361	217
1362	218
1363	218
1364	218
1365	218
1366	218
1367	218
1368	219
1369	219
1370	219
1371	219
1372	219
1373	219
1374	220
1375	220
1376	220
1377	220
1378	220
1379	220
1380	220
1381	220
1382	221
1383	221
1384	221
1385	221
1386	221
1387	221
1388	221
1389	221
1390	221
1391	221
1392	221
1393	221
1394	221
1395	221
1396	221
1397	221
1398	221
1399	221
1400	222
1401	222
1402	222
1403	222
1404	222
1405	222
1406	222
1407	222
1408	222
1409	222
1410	223
1411	223
1412	223
1413	223
1414	223
1415	223
1416	223
1417	223
1418	223
1419	223
1420	223
1421	223
1422	223
1423	223
1424	224
1425	224
1426	224
1427	224
1428	225
1429	225
1430	226
1431	226
1432	226
1433	226
1434	227
1435	227
1436	227
1437	227
1438	227
1439	227
1440	228
1441	228
1442	228
1443	228
1444	228
1445	228
1446	228
1447	228
1448	229
1449	229
1450	229
1451	229
1452	230
1453	230
1454	231
1455	231
1456	231
1457	231
1458	231
1459	231
1460	232
1461	232
1462	232
1463	232
1464	232
1465	232
1466	232
1467	232
1468	232
1469	232
1470	232
1471	232
1472	233
1473	233
1474	233
1475	233
1476	233
1477	233
1478	233
1479	233
1480	233
1481	233
1482	234
1483	234
1484	235
1485	235
1486	235
1487	235
1488	236
1489	236
1490	237
1491	237
1492	237
1493	237
1494	238
1495	238
1496	238
1497	238
1498	238
1499	238
1500	239
1501	239
1502	239
1503	239
1504	239
1505	239
1506	239
1507	239
1508	239
1509	239
1510	239
1511	239
1512	240
1513	240
1514	240
1515	240
1516	240
1517	240
1518	240
1519	240
1520	240
1521	240
1522	240
1523	240
1524	241
1525	241
1526	241
1527	241
1528	241
1529	241
1530	241
1531	241
1532	242
1533	242
1534	242
1535	242
1536	242
1537	242
1538	242
1539	242
1540	242
1541	242
1542	242
1543	242
1544	243
1545	243
1546	243
1547	243
1548	243
1549	243
1550	244
1551	244
1552	244
1553	244
1554	245
1555	245
1556	245
1557	245
1558	245
1559	245
1560	246
1561	246
1562	246
1563	246
1564	246
1565	246
1566	246
1567	246
1568	247
1569	247
1570	247
1571	247
1572	248
1573	248
1574	248
1575	248
1576	248
1577	248
1578	248
1579	248
1580	249
1581	249
1582	249
1583	249
1584	250
1585	250
1586	250
1587	250
1588	250
1589	250
1590	250
1591	250
1592	250
1593	250
1594	250
1595	250
1596	250
1597	250
1598	251
1599	251
1600	251
1601	251
1602	252
1603	252
1604	252
1605	252
1606	252
1607	252
1608	253
1609	253
1610	254
1611	254
1612	254
1613	254
1614	255
1615	255
1616	255
1617	255
1618	255
1619	255
1620	256
1621	256
1622	257
1623	257
1624	257
1625	257
1626	257
1627	257
1628	258
1629	258
1630	258
1631	258
1632	258
1633	258
1634	258
1635	258
1636	258
1637	258
1638	259
1639	259
1640	259
1641	259
1642	259
1643	259
1644	259
1645	259
1646	259
1647	259
1648	259
1649	259
1650	259
1651	259
1652	259
1653	259
1654	259
1655	259
1656	259
1657	259
1658	260
1659	260
1660	260
1661	260
1662	260
1663	260
1664	261
1665	261
1666	261
1667	261
1668	262
1669	262
1670	263
1671	263
1672	263
1673	263
1674	263
1675	263
1676	263
1677	263
1678	263
1679	263
1680	263
1681	263
1682	263
1683	263
1684	263
1685	263
1686	263
1687	263
1688	263
1689	263
1690	263
1691	263
1692	263
1693	263
1694	264
1695	264
1696	264
1697	264
1698	265
1699	265
1700	266
1701	266
1702	266
1703	266
1704	266
1705	266
1706	266
1707	266
1708	266
1709	266
1710	267
1711	267
1712	267
1713	267
1714	267
1715	267
1716	267
1717	267
1718	267
1719	267
1720	267
1721	267
1722	268
1723	268
1724	269
1725	269
1726	269
1727	269
1728	269
1729	269
1730	269
1731	269
1732	269
1733	269
1734	270
1735	270
1736	270
1737	270
1738	270
1739	270
1740	270
1741	270
1742	271
1743	271
1744	271
1745	271
1746	271
1747	271
1748	272
1749	272
1750	272
1751	272
1752	272
1753	272
1754	273
1755	273
1756	273
1757	273
1758	273
1759	273
1760	274
1761	274
1762	274
1763	274
1764	274
1765	274
1766	274
1767	274
1768	274
1769	274
1770	274
1771	274
1772	274
1773	274
1774	274
1775	274
1776	274
1777	274
1778	275
1779	275
1780	275
1781	275
1782	275
1783	275
1784	276
1785	276
1786	276
1787	276
1788	277
1789	277
1790	278
1791	278
1792	278
1793	278
1794	278
1795	278
1796	278
1797	278
1798	278
1799	278
1800	278
1801	278
1802	279
1803	279
1804	279
1805	279
1806	279
1807	279
1808	279
1809	279
1810	279
1811	279
1812	280
1813	280
1814	280
1815	280
1816	280
1817	280
1818	280
1819	280
1820	280
1821	280
1822	280
1823	280
1824	281
1825	281
1826	281
1827	281
1828	281
1829	281
1830	281
1831	281
1832	282
1833	282
1834	282
1835	282
1836	282
1837	282
1838	282
1839	282
1840	282
1841	282
1842	282
1843	282
1844	282
1845	282
1846	282
1847	282
1848	283
1849	283
1850	283
1851	283
1852	283
1853	283
1854	283
1855	283
1856	283
1857	283
1858	283
1859	283
1860	283
1861	283
1862	284
1863	284
1864	284
1865	284
1866	284
1867	284
1868	285
1869	285
1870	285
1871	285
1872	286
1873	286
1874	287
1875	287
1876	287
1877	287
1878	288
1879	288
1880	289
1881	289
1882	289
1883	289
1884	289
1885	289
1886	289
1887	289
1888	289
1889	289
1890	290
1891	290
1892	290
1893	290
1894	290
1895	290
1896	290
1897	290
1898	290
1899	290
1900	290
1901	290
1902	291
1903	291
1904	291
1905	291
1906	291
1907	291
1908	292
1909	292
1910	292
1911	292
1912	292
1913	292
1914	293
1915	293
1916	293
1917	293
1918	293
1919	293
1920	293
1921	293
1922	293
1923	293
1924	293
1925	293
1926	293
1927	293
1928	293
1929	293
1930	293
1931	293
1932	294
1933	294
1934	295
1935	295
1936	295
1937	295
1938	295
1939	295
1940	295
1941	295
1942	295
1943	295
1944	295
1945	295
1946	295
1947	295
1948	295
1949	295
1950	296
1951	296
1952	297
1953	297
1954	297
1955	297
1956	297
1957	297
1958	297
1959	297
1960	297
1961	297
1962	297
1963	297
1964	297
1965	297
1966	297
1967	297
1968	297
1969	297
1970	297
1971	297
1972	297
1973	297
1974	298
1975	298
1976	298
1977	298
1978	298
1979	298
1980	299
1981	299
1982	299
1983	299
1984	299
1985	299
1986	299
1987	299
1988	300
1989	300
1990	300
1991	300
1992	300
1993	300
1994	301
1995	301
1996	301
1997	301
1998	302
1999	302
