1.000000000000000e-15  8.849522870939746e-05  1.992498853915298e-05  1.325409419666211e-04  4.703004285129059e-05  1.228000630732383e-04  5.606506095533648e-05  1.246353011255810e-04  3.008938390620459e-05  5.416215991402317e-05  1.435178515174613e-04
1.000000000000000e-14  1.759054910557107e-06  1.759054910557107e-06  2.097868089403316e-06  1.759054910557107e-06  5.308571370730660e-07  2.715300302238966e-05  1.759054910557107e-06  1.271956160117270e-05  6.095863600499125e-06  3.375918776264523e-05
1.000000000000000e-13  6.748527380716026e-07  4.093494344139018e-07  1.216953824314355e-06  6.803999775352779e-07  9.967252580421145e-07  7.707501585757547e-07  1.036253462233456e-06  8.555531000933045e-07  3.315220501178776e-07  1.447032019651811e-06
1.000000000000000e-12  2.433143458029996e-08  2.433143458029996e-08  4.127209345599703e-08  4.466022523113644e-08  5.016593944900472e-08  2.433143458029996e-08  2.433143458029996e-08  1.518013842611351e-09  2.297618187022251e-08  9.224315543788098e-08
1.000000000000000e-11  8.194630594265170e-09  2.773619731837648e-09  2.140834449510442e-08  2.773619731837648e-09  4.848850385823830e-09  6.261398372226293e-09  1.000163421505627e-08  1.003351842555162e-08  1.578404577206498e-08  2.694580856918904e-08
1.000000000000000e-10  4.789867856188658e-10  4.789867856188658e-10  5.128681277951665e-10  4.112241012662644e-10  1.901692782738627e-10  4.789867856188658e-10  4.789867856188658e-10  1.271809600450653e-09  4.982335491442516e-11  4.483126121311749e-10
1.000000000000000e-09  6.311435613503766e-11  8.904275266338052e-12  1.260149591012644e-12  4.278561744263873e-11  1.257948835701149e-10  2.076747198146399e-10  8.118438310934090e-11  5.010869328519497e-10  1.656619043875242e-10  1.533301063698887e-10
1.000000000000000e-08  8.904386288640515e-12  1.937607680638914e-12  3.483389304000800e-12  3.970537061030038e-12  1.318185355791632e-11  2.336037824767975e-11  1.251838427840032e-11  3.890062881192757e-11  1.554511131363762e-11  3.086466818886732e-11
1.000000000000000e-07  8.534748970924488e-13  7.728908116809430e-13  3.113529941679849e-13  1.043896251991944e-12  7.475596205432089e-13  5.921835287761579e-13  1.395596800016913e-12  1.929343512209469e-12  1.558229673764844e-12  1.915622228985253e-12
1.000000000000000e-06  1.394235204718597e-14  6.812123564889361e-14  1.314708975366785e-14  6.743699565783801e-14  3.936645931110205e-14  2.751597235652048e-13  4.117257750013703e-15  2.951141392891488e-13  5.287084789071250e-14  2.076317091349866e-13
1.000000000000000e-05  1.922193686772905e-12  7.673815088145991e-12  3.266104834503958e-15  7.706996933004584e-15  2.685026680160352e-16  1.492344659306810e-14  4.986571051912581e-15  1.380579678356142e-14  1.904238485644916e-15  2.524185287872127e-15
1.000000000000000e-04  1.919329785707823e-10  7.677327197911331e-10  6.456423937151179e-17  3.795249704785508e-16  1.045658785253645e-15  2.673967818001000e-15  2.685026680160352e-16  2.422324493767114e-15  6.163689350580093e-16  2.511879593214417e-15
1.000000000000000e-03  1.919332543804308e-08  7.677329978212277e-08  1.396831868921700e-15  1.061168297331050e-14  4.645806309100386e-17  9.432558900623889e-18  6.567012558744700e-16  1.426810058990924e-16  4.645806309100386e-17  6.635317295611287e-17
1.000000000000001e-02  1.919330898834286e-06  7.677303655204864e-06  1.495499075054516e-11  1.063463296916388e-10  1.755865418340274e-16  4.153989977516426e-13  6.646710742561068e-12  3.903127820947816e-17  1.089623183347932e-16  6.277530578691071e-17
1.000000000000001e-01  1.919166400504248e-04  7.674672044187349e-04  1.494829117800237e-07  1.062507242364401e-06  1.695271236216121e-10  4.153952431812033e-09  6.645192765475892e-08  3.392765506472079e-12  4.824004693967932e-11  2.003063513666969e-15
