1  5.83095
2  8.60233
3  17.0294
4  25.4951
5  42.45
6  59.4138
7  84.8646
8  101.833
9  144.257
10  152.742
11  195.167
12  212.137
13  254.562
14  271.533
15  280.018
16  322.444
17  339.414
18  381.84
19  398.811
20  441.237
21  492.148
22  593.971
23  610.942
24  653.368
25  738.221
26  806.103
27  848.529
28  873.985
29  907.926
30  933.382
31  1145.51
32  1162.48
33  1170.97
34  1213.4
35  1247.34
36  1442.5
37  1459.47
38  1484.92
39  1501.9
40  1544.32
41  1629.17
42  1739.48
43  1807.37
44  1824.34
45  1841.31
46  1866.76
47  2019.5
48  2053.44
49  2095.86
50  2104.35
51  2274.06
52  2291.03
53  2358.91
54  2401.34
55  2435.28
56  2528.61
57  2647.41
58  2655.89
59  2732.26
60  2757.72
61  2825.6
62  2868.03
63  2944.39
64  2952.88
65  2986.82
66  3012.28
67  3029.25
68  3165.01
69  3207.44
70  3266.83
71  3309.26
72  3368.66
73  3606.24
74  3665.64
75  3758.98
76  3801.41
77  3835.35
78  3860.8
79  3945.66
80  3962.63
81  4200.21
82  4242.64
83  4412.35
84  4480.23
85  4599.02
86  4607.51
87  4666.9
88  4709.33
89  4751.76
90  4768.73
91  4794.18
92  4896.01
93  4904.49
94  4989.35
95  5006.32
96  5031.77
97  5065.71
98  5192.99
99  5328.76
100  5405.12
