0.0001	1.89832	-1.01679	-1t-1
0.1001	1.79664	-1.01686	-1.01679t-0.00102515
0.2001	1.69495	-1.01691	-1.01686t-0.000566751
0.3001	1.59326	-1.01695	-1.01691t-0.000417639
0.4001	1.49156	-1.01698	-1.01695t-0.0003462
0.5001	1.38986	-1.01701	-1.01698t-0.000306103
0.6001	1.28816	-1.01704	-1.01701t-0.000281922
0.7001	1.18645	-1.01706	-1.01704t-0.000267068
0.8001	1.08475	-1.01709	-1.01706t-0.000258266
0.9001	0.983036	-1.01711	-1.01709t-0.000253717
1.0001	0.881324	-1.01714	-1.01711t-0.000252364
1.1001	0.779609	-1.01717	-1.01714t-0.000253552
1.2001	0.677891	-1.01719	-1.01717t-0.000256869
1.3001	0.57617	-1.01722	-1.01719t-0.000262049
1.4001	0.474447	-1.01724	-1.01722t-0.000268924
1.5001	0.372721	-1.01727	-1.01724t-0.000277394
1.6001	0.270993	-1.0173	-1.01727t-0.000287409
1.7001	0.169261	-1.01733	-1.0173t-0.000298952
1.8001	0.067526	-1.01736	-1.01733t-0.000312039
1.9001	-0.0342122	-1.0174	-1.01736t-0.000326707
2.0001	-0.135954	-1.01743	-1.0174t-0.000343015
2.1001	-0.237699	-1.01747	-1.01743t-0.000361039
2.2001	-0.339448	-1.01751	-1.01747t-0.000380874
2.3001	-0.441201	-1.01755	-1.01751t-0.00040263
2.4001	-0.542958	-1.0176	-1.01755t-0.000426436
2.5001	-0.64472	-1.01764	-1.0176t-0.000452434
2.6001	-0.746487	-1.01769	-1.01764t-0.000480786
2.7001	-0.848258	-1.01774	-1.01769t-0.000511672
2.8001	-0.950036	-1.0178	-1.01774t-0.000545289
2.9001	-1.05182	-1.01786	-1.0178t-0.000581858
3.0001	-1.15361	-1.01792	-1.01786t-0.000621618
3.1001	-1.2554	-1.01799	-1.01792t-0.000664834
3.2001	-1.35721	-1.01807	-1.01799t-0.000711795
3.3001	-1.45902	-1.01815	-1.01807t-0.000762818
3.4001	-1.56084	-1.01823	-1.01815t-0.000818249
3.5001	-1.66266	-1.01832	-1.01823t-0.000878469
3.6001	-1.7645	-1.01842	-1.01832t-0.000943891
3.7001	-1.86635	-1.01853	-1.01842t-0.00101497
3.8001	-1.96821	-1.01864	-1.01853t-0.00109219
3.9001	-2.07008	-1.01876	-1.01864t-0.00117611
4.0001	-2.17196	-1.01889	-1.01876t-0.00126731
4.1001	-2.27385	-1.01903	-1.01889t-0.00136644
4.2001	-2.37577	-1.01919	-1.01903t-0.00147419
4.3001	-2.47769	-1.01935	-1.01919t-0.00159134
4.4001	-2.57964	-1.01953	-1.01935t-0.00171874
4.5001	-2.6816	-1.01972	-1.01953t-0.00185729
4.6001	-2.78358	-1.01993	-1.01972t-0.002008
4.7001	-2.88559	-1.02016	-1.01993t-0.00217197
4.8001	-2.98762	-1.0204	-1.02016t-0.00235039
4.9001	-3.08967	-1.02067	-1.0204t-0.00254457
