0	-3.6103	3.79127	-2.16256	4	-2	-2
0.1	-3.24217	3.56966	-2.25969	3.79127	-2.16256	-1.27582
0.2	-2.8966	3.34109	-2.30394	3.56966	-2.25969	-0.687741
0.3	-2.57403	3.11028	-2.30589	3.34109	-2.30394	-0.214847
0.4	-2.27449	2.88101	-2.27448	3.11028	-2.30589	0.160865
0.5	-1.99767	2.65624	-2.21719	2.88101	-2.27448	0.454885
0.6	-1.74301	2.43823	-2.14027	2.65624	-2.21719	0.680513
0.7	-1.50974	2.22867	-2.04893	2.43823	-2.14027	0.849147
0.8	-1.29695	2.02878	-1.94746	2.22867	-2.04893	0.970537
0.9	-1.10364	1.83939	-1.83939	2.02878	-1.94746	1.053
1	-0.928708	1.66102	-1.72759	1.83939	-1.83939	1.10363
1.1	-0.771055	1.49392	-1.61439	1.66102	-1.72759	1.12842
1.2	-0.629547	1.33813	-1.50164	1.49392	-1.61439	1.13248
1.3	-0.503056	1.19353	-1.3908	1.33813	-1.50164	1.12009
1.4	-0.390477	1.05986	-1.28299	1.19353	-1.3908	1.09488
1.5	-0.29073	0.936797	-1.17907	1.05986	-1.28299	1.05986
1.6	-0.202778	0.8239	-1.07965	0.936797	-1.17907	1.01755
1.7	-0.125627	0.720701	-0.985177	0.8239	-1.07965	0.970041
1.8	-0.0583315	0.626691	-0.895912	0.720701	-0.985177	0.919054
1.9	1.24652e-07	0.541339	-0.812008	0.626691	-0.895912	0.865996
2	0.0502071	0.464108	-0.733511	0.541339	-0.812008	0.812006
2.1	0.0930745	0.394458	-0.660384	0.464108	-0.733511	0.758
2.2	0.129334	0.331856	-0.592527	0.394458	-0.660384	0.704703
2.3	0.159663	0.275782	-0.529791	0.331856	-0.592527	0.652681
2.4	0.184691	0.225733	-0.471987	0.275782	-0.529791	0.602363
2.5	0.204995	0.181227	-0.418901	0.225733	-0.471987	0.55407
2.6	0.221106	0.141803	-0.370301	0.181227	-0.418901	0.508028
2.7	0.23351	0.107026	-0.325941	0.141803	-0.370301	0.464387
2.8	0.242652	0.0764823	-0.28557	0.107026	-0.325941	0.423236
2.9	0.248935	0.0497871	-0.248935	0.0764823	-0.28557	0.38461
3	0.252725	0.0265792	-0.215785	0.0497871	-0.248935	0.348508
3.1	0.254356	0.00652215	-0.185875	0.0265792	-0.215785	0.314892
3.2	0.254124	-0.0106959	-0.158966	0.00652215	-0.185875	0.283704
3.3	0.252301	-0.0253634	-0.134828	-0.0106959	-0.158966	0.254861
3.4	0.249128	-0.0377464	-0.11324	-0.0253634	-0.134828	0.228272
3.5	0.24482	-0.0480894	-0.0939935	-0.0377464	-0.11324	0.203831
3.6	0.23957	-0.0566165	-0.0768901	-0.0480894	-0.0939935	0.181429
3.7	0.23355	-0.0635326	-0.0617433	-0.0566165	-0.0768901	0.16095
3.8	0.226911	-0.0690245	-0.0483782	-0.0635326	-0.0617433	0.142278
3.9	0.219787	-0.0732622	-0.0366314	-0.0690245	-0.0483782	0.125297
4	0.212295	-0.0763997	-0.0263507	-0.0732622	-0.0366314	0.109894
4.1	0.204539	-0.0785765	-0.017395	-0.0763997	-0.0263507	0.0959556
4.2	0.196608	-0.0799185	-0.00963385	-0.0785765	-0.017395	0.0833752
4.3	0.18858	-0.080539	-0.00294675	-0.0799185	-0.00963385	0.0720489
4.4	0.180521	-0.0805399	0.00277705	-0.080539	-0.00294675	0.0618777
4.5	0.172489	-0.0800123	0.00763919	-0.0805399	0.00277705	0.0527677
4.6	0.164533	-0.0790376	0.0117327	-0.0800123	0.00763919	0.0446301
4.7	0.156694	-0.0776885	0.0151425	-0.0790376	0.0117327	0.0373816
4.8	0.149006	-0.0760293	0.0179461	-0.0776885	0.0151425	0.0309439
4.9	0.141497	-0.0741171	0.0202136	-0.0760293	0.0179461	0.025244
5	0.134189	-0.0720023	0.0220091	-0.0741171	0.0202136	0.0202139
5.1	0.127101	-0.0697291	0.02339	-0.0720023	0.0220091	0.0157907
5.2	0.120247	-0.0673364	0.0244087	-0.0697291	0.02339	0.0119159
5.3	0.113637	-0.0648579	0.025112	-0.0673364	0.0244087	0.00853573
5.4	0.107278	-0.0623231	0.0255421	-0.0648579	0.025112	0.00560067
5.5	0.101173	-0.0597573	0.025737	-0.0623231	0.0255421	0.00306519
5.6	0.0953264	-0.0571824	0.0257303	-0.0597573	0.025737	0.000887597
5.7	0.0897366	-0.0546169	0.0255524	-0.0571824	0.0257303	-0.000970221
5.8	0.0844022	-0.0520767	0.0252301	-0.0546169	0.0255524	-0.00254304
5.9	0.07932	-0.0495749	0.0247874	-0.0520767	0.0252301	-0.00386251
6	0.0744855	-0.0471225	0.0242453	-0.0495749	0.0247874	-0.0049574
6.1	0.0698935	-0.0447285	0.0236225	-0.0471225	0.0242453	-0.00585378
6.2	0.0655376	-0.0424002	0.0229353	-0.0447285	0.0236225	-0.00657526
6.3	0.0614111	-0.0401431	0.0221983	-0.0424002	0.0229353	-0.00714313
6.4	0.0575065	-0.0379618	0.0214239	-0.0401431	0.0221983	-0.00757661
6.5	0.0538161	-0.0358592	0.0206231	-0.0379618	0.0214239	-0.00789297
6.6	0.0503319	-0.0338377	0.0198053	-0.0358592	0.0206231	-0.00810771
6.7	0.0470458	-0.0318985	0.0189787	-0.0338377	0.0198053	-0.00823473
6.8	0.0439495	-0.030042	0.0181501	-0.0318985	0.0189787	-0.00828642
6.9	0.0410347	-0.0282683	0.0173257	-0.030042	0.0181501	-0.00827385
7	0.0382931	-0.0265766	0.0165103	-0.0282683	0.0173257	-0.00820688
7.1	0.0357166	-0.0249658	0.0157081	-0.0265766	0.0165103	-0.00809422
7.2	0.0332973	-0.0234344	0.0149226	-0.0249658	0.0157081	-0.00794362
7.3	0.0310272	-0.0219806	0.0141566	-0.0234344	0.0149226	-0.00776189
7.4	0.0288986	-0.0206024	0.0134123	-0.0219806	0.0141566	-0.00755504
7.5	0.0269043	-0.0192974	0.0126914	-0.0206024	0.0134123	-0.00732832
7.6	0.0250368	-0.0180633	0.0119954	-0.0192974	0.0126914	-0.00708635
7.7	0.0232893	-0.0168975	0.011325	-0.0180633	0.0119954	-0.00683312
7.8	0.0216551	-0.0157974	0.0106811	-0.0168975	0.011325	-0.00657211
7.9	0.0201278	-0.0147603	0.0100639	-0.0157974	0.0106811	-0.00630632
8	0.018701	-0.0137837	0.00947343	-0.0147603	0.0100639	-0.0060383
8.1	0.0173691	-0.0128648	0.00890974	-0.0137837	0.00947343	-0.00577025
8.2	0.0161263	-0.0120009	0.00837251	-0.0128648	0.00890974	-0.00550403
8.3	0.0149672	-0.0111894	0.00786135	-0.0120009	0.00837251	-0.0052412
8.4	0.0138867	-0.0104277	0.00737571	-0.0111894	0.00786135	-0.00498304
8.5	0.01288	-0.00971342	0.006915	-0.0104277	0.00737571	-0.00473062
8.6	0.0119425	-0.00904394	0.00647851	-0.00971342	0.006915	-0.0044848
8.7	0.0110698	-0.00841693	0.00606549	-0.00904394	0.00647851	-0.00424626
8.8	0.0102578	-0.00783009	0.00567513	-0.00841693	0.00606549	-0.00401552
8.9	0.00950256	-0.00728118	0.00530661	-0.00783009	0.00567513	-0.00379296
9	0.00880039	-0.00676806	0.00495907	-0.00728118	0.00530661	-0.00357887
9.1	0.00814782	-0.00628869	0.00463164	-0.00676806	0.00495907	-0.00337341
9.2	0.00754159	-0.00584109	0.00432345	-0.00628869	0.00463164	-0.00317667
9.3	0.00697861	-0.00542339	0.00403362	-0.00584109	0.00432345	-0.00298865
9.4	0.00645598	-0.00503379	0.0037613	-0.00542339	0.00403362	-0.0028093
9.5	0.00597097	-0.00467058	0.00350564	-0.00503379	0.0037613	-0.00263852
9.6	0.00552104	-0.00433213	0.0032658	-0.00467058	0.00350564	-0.00247616
9.7	0.00510377	-0.00401692	0.00304096	-0.00433213	0.0032658	-0.00232203
9.8	0.00471693	-0.00372347	0.00283035	-0.00401692	0.00304096	-0.00217592
9.9	0.0043584	-0.0034504	0.00263319	-0.00372347	0.00283035	-0.00203759
10	0.00402621	-0.0031964	0.00244875	-0.0034504	0.00263319	-0.00190679
10.1	0.00371852	-0.00296025	0.00227631	-0.0031964	0.00244875	-0.00178326
10.2	0.00343361	-0.00274076	0.00211519	-0.00296025	0.00227631	-0.00166671
10.3	0.00316985	-0.00253685	0.00196472	-0.00274076	0.00211519	-0.00155687
10.4	0.00292575	-0.00234748	0.00182429	-0.00253685	0.00196472	-0.00145345
10.5	0.0026999	-0.00217168	0.00169329	-0.00234748	0.00182429	-0.00135617
10.6	0.002491	-0.00200853	0.00157116	-0.00217168	0.00169329	-0.00126474
10.7	0.0022978	-0.00185717	0.00145734	-0.00200853	0.00157116	-0.00117887
10.8	0.00211919	-0.0017168	0.00135133	-0.00185717	0.00145734	-0.00109831
10.9	0.0019541	-0.00158666	0.00125263	-0.0017168	0.00135133	-0.00102277
11	0.00180154	-0.00146605	0.00116078	-0.00158666	0.00125263	-0.000951996
11.1	0.0016606	-0.00135429	0.00107534	-0.00146605	0.00116078	-0.000885733
11.2	0.00153041	-0.00125078	0.000995898	-0.00135429	0.00107534	-0.000823733
11.3	0.00141019	-0.00115493	0.000922061	-0.00125078	0.000995898	-0.00076576
11.4	0.00129919	-0.00106619	0.000853461	-0.00115493	0.000922061	-0.000711585
11.5	0.00119673	-0.000984073	0.000789751	-0.00106619	0.000853461	-0.000660989
11.6	0.00110217	-0.000908092	0.000730603	-0.000984073	0.000789751	-0.000613761
11.7	0.00101492	-0.000837811	0.000675711	-0.000908092	0.000730603	-0.000569703
11.8	0.00093443	-0.000772818	0.000624786	-0.000837811	0.000675711	-0.000528621
11.9	0.000860192	-0.00071273	0.000577557	-0.000772818	0.000624786	-0.000490335
12	0.000791733	-0.000657192	0.00053377	-0.00071273	0.000577557	-0.000454672
12.1	0.000728614	-0.00060587	0.000493187	-0.000657192	0.00053377	-0.000421467
12.2	0.000670429	-0.000558455	0.000455585	-0.00060587	0.000493187	-0.000390565
12.3	0.000616802	-0.00051466	0.000420756	-0.000558455	0.000455585	-0.000361818
12.4	0.000567385	-0.000474218	0.000388504	-0.00051466	0.000420756	-0.000335089
12.5	0.000521855	-0.00043688	0.000358648	-0.000474218	0.000388504	-0.000310244
12.6	0.000479913	-0.000402414	0.000331017	-0.00043688	0.000358648	-0.000287161
12.7	0.000441284	-0.000370607	0.000305453	-0.000402414	0.000331017	-0.000265723
12.8	0.00040571	-0.00034126	0.000281806	-0.000370607	0.000305453	-0.00024582
12.9	0.000372956	-0.000314187	0.000259939	-0.00034126	0.000281806	-0.000227348
13	0.000342802	-0.000289217	0.000239722	-0.000314187	0.000259939	-0.000210211
13.1	0.000315048	-0.000266191	0.000221036	-0.000289217	0.000239722	-0.000194318
13.2	0.000289504	-0.000244962	0.00020377	-0.000266191	0.000221036	-0.000179583
13.3	0.000266	-0.000225394	0.000187818	-0.000244962	0.00020377	-0.000165926
13.4	0.000244374	-0.000207358	0.000173084	-0.000225394	0.000187818	-0.000153272
13.5	0.000224481	-0.000190739	0.000159479	-0.000207358	0.000173084	-0.000141552
13.6	0.000206183	-0.000175428	0.000146917	-0.000190739	0.000159479	-0.000130699
13.7	0.000189355	-0.000161324	0.000135323	-0.000175428	0.000146917	-0.000120652
13.8	0.000173881	-0.000148333	0.000124623	-0.000161324	0.000135323	-0.000111354
13.9	0.000159654	-0.000136371	0.000114751	-0.000148333	0.000124623	-0.000102752
14	0.000146575	-0.000125358	0.000105645	-0.000136371	0.000114751	-9.47945e-05
14.1	0.000134554	-0.000115219	9.72456e-05	-0.000125358	0.000105645	-8.74364e-05
14.2	0.000123505	-0.000105887	8.95007e-05	-0.000115219	9.72456e-05	-8.0634e-05
14.3	0.000113351	-9.72985e-05	8.23603e-05	-0.000105887	8.95007e-05	-7.43467e-05
14.4	0.000104022	-8.9396e-05	7.57785e-05	-9.72985e-05	8.23603e-05	-6.85369e-05
14.5	9.54512e-05	-8.21256e-05	6.97127e-05	-8.9396e-05	7.57785e-05	-6.31697e-05
14.6	8.75777e-05	-7.54376e-05	6.41234e-05	-8.21256e-05	6.97127e-05	-5.82125e-05
14.7	8.03458e-05	-6.92863e-05	5.8974e-05	-7.54376e-05	6.41234e-05	-5.3635e-05
14.8	7.3704e-05	-6.36293e-05	5.42307e-05	-6.92863e-05	5.8974e-05	-4.9409e-05
14.9	6.76048e-05	-5.84276e-05	4.98623e-05	-6.36293e-05	5.42307e-05	-4.55083e-05
15	6.20045e-05	-5.36453e-05	4.58397e-05	-5.84276e-05	4.98623e-05	-4.19088e-05
15.1	5.68629e-05	-4.92491e-05	4.21362e-05	-5.36453e-05	4.58397e-05	-3.85877e-05
15.2	5.21428e-05	-4.52083e-05	3.87269e-05	-4.92491e-05	4.21362e-05	-3.55242e-05
15.3	4.78103e-05	-4.14946e-05	3.55891e-05	-4.52083e-05	3.87269e-05	-3.26988e-05
15.4	4.38339e-05	-3.80821e-05	3.27014e-05	-4.14946e-05	3.55891e-05	-3.00936e-05
15.5	4.01847e-05	-3.49467e-05	3.00444e-05	-3.80821e-05	3.27014e-05	-2.76918e-05
15.6	3.68361e-05	-3.20661e-05	2.76e-05	-3.49467e-05	3.00444e-05	-2.5478e-05
15.7	3.37636e-05	-2.94201e-05	2.53515e-05	-3.20661e-05	2.76e-05	-2.34378e-05
15.8	3.09448e-05	-2.69898e-05	2.32835e-05	-2.94201e-05	2.53515e-05	-2.15579e-05
15.9	2.8359e-05	-2.47579e-05	2.13818e-05	-2.69898e-05	2.32835e-05	-1.9826e-05
16	2.59872e-05	-2.27084e-05	1.96332e-05	-2.47579e-05	2.13818e-05	-1.82308e-05
16.1	2.38118e-05	-2.08265e-05	1.80256e-05	-2.27084e-05	1.96332e-05	-1.67617e-05
16.2	2.18167e-05	-1.90989e-05	1.65478e-05	-2.08265e-05	1.80256e-05	-1.54089e-05
16.3	1.99873e-05	-1.7513e-05	1.51896e-05	-1.90989e-05	1.65478e-05	-1.41635e-05
16.4	1.83098e-05	-1.60573e-05	1.39414e-05	-1.7513e-05	1.51896e-05	-1.30171e-05
16.5	1.67718e-05	-1.47214e-05	1.27944e-05	-1.60573e-05	1.39414e-05	-1.19619e-05
16.6	1.53619e-05	-1.34953e-05	1.17406e-05	-1.47214e-05	1.27944e-05	-1.0991e-05
16.7	1.40694e-05	-1.23704e-05	1.07725e-05	-1.34953e-05	1.17406e-05	-1.00976e-05
16.8	1.28847e-05	-1.13382e-05	9.88325e-06	-1.23704e-05	1.07725e-05	-9.27575e-06
16.9	1.17989e-05	-1.03913e-05	9.06652e-06	-1.13382e-05	9.88325e-06	-8.51978e-06
17	1.08038e-05	-9.5227e-06	8.31648e-06	-1.03913e-05	9.06652e-06	-7.82453e-06
17.1	9.89197e-06	-8.72597e-06	7.62777e-06	-9.5227e-06	8.31648e-06	-7.18519e-06
17.2	9.05644e-06	-7.99526e-06	6.99543e-06	-8.72597e-06	7.62777e-06	-6.59735e-06
17.3	8.2909e-06	-7.32516e-06	6.41492e-06	-7.99526e-06	6.99543e-06	-6.05694e-06
17.4	7.58955e-06	-6.71069e-06	5.88205e-06	-7.32516e-06	6.41492e-06	-5.56019e-06
17.5	6.94706e-06	-6.14729e-06	5.39296e-06	-6.71069e-06	5.88205e-06	-5.10364e-06
17.6	6.35853e-06	-5.63076e-06	4.9441e-06	-6.14729e-06	5.39296e-06	-4.68408e-06
17.7	5.81948e-06	-5.15724e-06	4.53221e-06	-5.63076e-06	4.9441e-06	-4.29857e-06
17.8	5.32577e-06	-4.72319e-06	4.15427e-06	-5.15724e-06	4.53221e-06	-3.94438e-06
17.9	4.87363e-06	-4.32535e-06	3.80752e-06	-4.72319e-06	4.15427e-06	-3.61901e-06
18	4.45959e-06	-3.96073e-06	3.48942e-06	-4.32535e-06	3.80752e-06	-3.32016e-06
18.1	4.08047e-06	-3.62659e-06	3.19764e-06	-3.96073e-06	3.48942e-06	-3.04568e-06
18.2	3.73335e-06	-3.3204e-06	2.93001e-06	-3.62659e-06	3.19764e-06	-2.79363e-06
18.3	3.41554e-06	-3.03984e-06	2.68457e-06	-3.3204e-06	2.93001e-06	-2.56219e-06
18.4	3.12459e-06	-2.7828e-06	2.45949e-06	-3.03984e-06	2.68457e-06	-2.34971e-06
18.5	2.85826e-06	-2.54732e-06	2.2531e-06	-2.7828e-06	2.45949e-06	-2.15465e-06
18.6	2.61447e-06	-2.33161e-06	2.06388e-06	-2.54732e-06	2.2531e-06	-1.9756e-06
18.7	2.39133e-06	-2.13402e-06	1.8904e-06	-2.33161e-06	2.06388e-06	-1.81127e-06
18.8	2.18711e-06	-1.95305e-06	1.73137e-06	-2.13402e-06	1.8904e-06	-1.66046e-06
18.9	2.00022e-06	-1.78731e-06	1.5856e-06	-1.95305e-06	1.73137e-06	-1.52208e-06
19	1.82919e-06	-1.63552e-06	1.452e-06	-1.78731e-06	1.5856e-06	-1.39511e-06
19.1	1.67269e-06	-1.49654e-06	1.32956e-06	-1.63552e-06	1.452e-06	-1.27862e-06
19.2	1.52949e-06	-1.36927e-06	1.21736e-06	-1.49654e-06	1.32956e-06	-1.17176e-06
19.3	1.39847e-06	-1.25275e-06	1.11454e-06	-1.36927e-06	1.21736e-06	-1.07374e-06
19.4	1.27861e-06	-1.14608e-06	1.02034e-06	-1.25275e-06	1.11454e-06	-9.83842e-07
19.5	1.16896e-06	-1.04842e-06	9.34033e-07	-1.14608e-06	1.02034e-06	-9.01398e-07
19.6	1.06865e-06	-9.59028e-07	8.5497e-07	-1.04842e-06	9.34033e-07	-8.25796e-07
19.7	9.769e-07	-8.77205e-07	7.82546e-07	-9.59028e-07	8.5497e-07	-7.56477e-07
19.8	8.92979e-07	-8.02316e-07	7.16209e-07	-8.77205e-07	7.82546e-07	-6.92922e-07
19.9	8.16225e-07	-7.33778e-07	6.55453e-07	-8.02316e-07	7.16209e-07	-6.34658e-07
20	7.4603e-07	-6.71055e-07	5.99811e-07	-7.33778e-07	6.55453e-07	-5.8125e-07
20.1	6.81836e-07	-6.13659e-07	5.48857e-07	-6.71055e-07	5.99811e-07	-5.32297e-07
20.2	6.23135e-07	-5.61141e-07	5.022e-07	-6.13659e-07	5.48857e-07	-4.8743e-07
20.3	5.69459e-07	-5.13088e-07	4.5948e-07	-5.61141e-07	5.022e-07	-4.46313e-07
20.4	5.20381e-07	-4.69124e-07	4.20368e-07	-5.13088e-07	4.5948e-07	-4.08635e-07
20.5	4.7551e-07	-4.28904e-07	3.84561e-07	-4.69124e-07	4.20368e-07	-3.74112e-07
20.6	4.34486e-07	-3.92111e-07	3.51783e-07	-4.28904e-07	3.84561e-07	-3.42481e-07
20.7	3.96983e-07	-3.58455e-07	3.2178e-07	-3.92111e-07	3.51783e-07	-3.13502e-07
20.8	3.627e-07	-3.27671e-07	2.94318e-07	-3.58455e-07	3.2178e-07	-2.86957e-07
20.9	3.31361e-07	-2.99514e-07	2.69184e-07	-3.27671e-07	2.94318e-07	-2.62641e-07
21	3.02717e-07	-2.73763e-07	2.46181e-07	-2.99514e-07	2.69184e-07	-2.40369e-07
21.1	2.76536e-07	-2.50213e-07	2.25132e-07	-2.73763e-07	2.46181e-07	-2.19972e-07
21.2	2.52607e-07	-2.28677e-07	2.0587e-07	-2.50213e-07	2.25132e-07	-2.01293e-07
21.3	2.30739e-07	-2.08984e-07	1.88246e-07	-2.28677e-07	2.0587e-07	-1.84187e-07
21.4	2.10754e-07	-1.90978e-07	1.72121e-07	-2.08984e-07	1.88246e-07	-1.68525e-07
21.5	1.92492e-07	-1.74514e-07	1.57369e-07	-1.90978e-07	1.72121e-07	-1.54185e-07
21.6	1.75804e-07	-1.59462e-07	1.43873e-07	-1.74514e-07	1.57369e-07	-1.41056e-07
21.7	1.60556e-07	-1.45701e-07	1.31528e-07	-1.59462e-07	1.43873e-07	-1.29037e-07
21.8	1.46625e-07	-1.33122e-07	1.20235e-07	-1.45701e-07	1.31528e-07	-1.18036e-07
21.9	1.33896e-07	-1.21622e-07	1.09906e-07	-1.33122e-07	1.20235e-07	-1.07965e-07
22	1.22267e-07	-1.11111e-07	1.00459e-07	-1.21622e-07	1.09906e-07	-9.87482e-08
22.1	1.11644e-07	-1.01503e-07	9.18198e-08	-1.11111e-07	1.00459e-07	-9.03127e-08
22.2	1.01939e-07	-9.27223e-08	8.3919e-08	-1.01503e-07	9.18198e-08	-8.2593e-08
22.3	9.30741e-08	-8.46971e-08	7.66941e-08	-9.27223e-08	8.3919e-08	-7.55289e-08
22.4	8.49766e-08	-7.73629e-08	7.00877e-08	-8.46971e-08	7.66941e-08	-6.9065e-08
22.5	7.75804e-08	-7.06607e-08	6.40471e-08	-7.73629e-08	7.00877e-08	-6.31508e-08
22.6	7.08252e-08	-6.45363e-08	5.85244e-08	-7.06607e-08	6.40471e-08	-5.77398e-08
22.7	6.46556e-08	-5.89401e-08	5.34752e-08	-6.45363e-08	5.85244e-08	-5.27895e-08
22.8	5.90211e-08	-5.38268e-08	4.88593e-08	-5.89401e-08	5.34752e-08	-4.8261e-08
22.9	5.38755e-08	-4.9155e-08	4.46397e-08	-5.38268e-08	4.88593e-08	-4.41186e-08
23	4.91767e-08	-4.48868e-08	4.07826e-08	-4.9155e-08	4.46397e-08	-4.03296e-08
23.1	4.48859e-08	-4.09874e-08	3.7257e-08	-4.48868e-08	4.07826e-08	-3.68641e-08
23.2	4.09679e-08	-3.74253e-08	3.40346e-08	-4.09874e-08	3.7257e-08	-3.36946e-08
23.3	3.73906e-08	-3.41713e-08	3.10895e-08	-3.74253e-08	3.40346e-08	-3.07961e-08
23.4	3.41243e-08	-3.11989e-08	2.8398e-08	-3.41713e-08	3.10895e-08	-2.81454e-08
23.5	3.11422e-08	-2.84839e-08	2.59383e-08	-3.11989e-08	2.8398e-08	-2.57216e-08
23.6	2.84197e-08	-2.60042e-08	2.36906e-08	-2.84839e-08	2.59383e-08	-2.35053e-08
23.7	2.59342e-08	-2.37394e-08	2.16367e-08	-2.60042e-08	2.36906e-08	-2.1479e-08
23.8	2.36653e-08	-2.16709e-08	1.97601e-08	-2.37394e-08	2.16367e-08	-1.96263e-08
23.9	2.15941e-08	-1.9782e-08	1.80454e-08	-2.16709e-08	1.97601e-08	-1.79326e-08
24	1.97034e-08	-1.80569e-08	1.64788e-08	-1.9782e-08	1.80454e-08	-1.63843e-08
24.1	1.79777e-08	-1.64817e-08	1.50475e-08	-1.80569e-08	1.64788e-08	-1.49689e-08
24.2	1.64025e-08	-1.50433e-08	1.374e-08	-1.64817e-08	1.50475e-08	-1.36752e-08
24.3	1.49649e-08	-1.37299e-08	1.25456e-08	-1.50433e-08	1.374e-08	-1.24927e-08
24.4	1.36527e-08	-1.25307e-08	1.14545e-08	-1.37299e-08	1.25456e-08	-1.14119e-08
24.5	1.24552e-08	-1.14359e-08	1.04579e-08	-1.25307e-08	1.14545e-08	-1.04241e-08
24.6	1.13624e-08	-1.04363e-08	9.54766e-09	-1.14359e-08	1.04579e-08	-9.52146e-09
24.7	1.03651e-08	-9.52371e-09	8.71627e-09	-1.04363e-08	9.54766e-09	-8.69655e-09
24.8	9.45499e-09	-8.69062e-09	7.95695e-09	-9.52371e-09	8.71627e-09	-7.94275e-09
24.9	8.62454e-09	-7.93013e-09	7.26349e-09	-8.69062e-09	7.95695e-09	-7.25397e-09
25	7.86676e-09	-7.23592e-09	6.63021e-09	-7.93013e-09	7.26349e-09	-6.62464e-09
25.1	7.17533e-09	-6.60225e-09	6.05191e-09	-7.23592e-09	6.63021e-09	-6.04964e-09
25.2	6.54447e-09	-6.02386e-09	5.52384e-09	-6.60225e-09	6.05191e-09	-5.52431e-09
25.3	5.96888e-09	-5.49596e-09	5.04165e-09	-6.02386e-09	5.52384e-09	-5.04439e-09
25.4	5.44374e-09	-5.01414e-09	4.60138e-09	-5.49596e-09	5.04165e-09	-4.60596e-09
25.5	4.96465e-09	-4.5744e-09	4.1994e-09	-5.01414e-09	4.60138e-09	-4.20547e-09
25.6	4.52758e-09	-4.17309e-09	3.8324e-09	-4.5744e-09	4.1994e-09	-3.83964e-09
25.7	4.12886e-09	-3.80686e-09	3.49734e-09	-4.17309e-09	3.8324e-09	-3.50549e-09
25.8	3.76514e-09	-3.47265e-09	3.19146e-09	-3.80686e-09	3.49734e-09	-3.2003e-09
25.9	3.43336e-09	-3.16768e-09	2.91222e-09	-3.47265e-09	3.19146e-09	-2.92155e-09
26	3.13072e-09	-2.8894e-09	2.65732e-09	-3.16768e-09	2.91222e-09	-2.66698e-09
26.1	2.85467e-09	-2.63548e-09	2.42465e-09	-2.8894e-09	2.65732e-09	-2.4345e-09
26.2	2.60288e-09	-2.40379e-09	2.21227e-09	-2.63548e-09	2.42465e-09	-2.22219e-09
26.3	2.37323e-09	-2.1924e-09	2.01843e-09	-2.40379e-09	2.21227e-09	-2.02832e-09
26.4	2.16378e-09	-1.99954e-09	1.8415e-09	-2.1924e-09	2.01843e-09	-1.8513e-09
26.5	1.97276e-09	-1.82359e-09	1.68003e-09	-1.99954e-09	1.8415e-09	-1.68966e-09
26.6	1.79855e-09	-1.66307e-09	1.53266e-09	-1.82359e-09	1.68003e-09	-1.54207e-09
26.7	1.63968e-09	-1.51663e-09	1.39817e-09	-1.66307e-09	1.53266e-09	-1.40732e-09
26.8	1.4948e-09	-1.38304e-09	1.27544e-09	-1.51663e-09	1.39817e-09	-1.2843e-09
26.9	1.36268e-09	-1.26118e-09	1.16345e-09	-1.38304e-09	1.27544e-09	-1.17199e-09
27	1.2422e-09	-1.15003e-09	1.06125e-09	-1.26118e-09	1.16345e-09	-1.06947e-09
27.1	1.13235e-09	-1.04864e-09	9.67999e-10	-1.15003e-09	1.06125e-09	-9.75875e-10
27.2	1.03218e-09	-9.56155e-10	8.82914e-10	-1.04864e-09	9.67999e-10	-8.90441e-10
27.3	9.40848e-10	-8.71805e-10	8.05281e-10	-9.56155e-10	8.82914e-10	-8.12457e-10
27.4	8.57573e-10	-7.94872e-10	7.34451e-10	-8.71805e-10	8.05281e-10	-7.41278e-10
27.5	7.81648e-10	-7.24707e-10	6.6983e-10	-7.94872e-10	7.34451e-10	-6.76311e-10
27.6	7.12426e-10	-6.60717e-10	6.10876e-10	-7.24707e-10	6.6983e-10	-6.17016e-10
27.7	6.49317e-10	-6.0236e-10	5.57093e-10	-6.60717e-10	6.10876e-10	-5.62901e-10
27.8	5.91783e-10	-5.49142e-10	5.08029e-10	-6.0236e-10	5.57093e-10	-5.13514e-10
27.9	5.39332e-10	-5.00611e-10	4.63272e-10	-5.49142e-10	5.08029e-10	-4.68445e-10
28	4.91518e-10	-4.56356e-10	4.22446e-10	-5.00611e-10	4.63272e-10	-4.27317e-10
28.1	4.47931e-10	-4.16002e-10	3.85206e-10	-4.56356e-10	4.22446e-10	-3.89787e-10
28.2	4.08199e-10	-3.79206e-10	3.51238e-10	-4.16002e-10	3.85206e-10	-3.55541e-10
28.3	3.71982e-10	-3.45655e-10	3.20256e-10	-3.79206e-10	3.51238e-10	-3.24294e-10
28.4	3.38969e-10	-3.15064e-10	2.91998e-10	-3.45655e-10	3.20256e-10	-2.95783e-10
28.5	3.08879e-10	-2.87173e-10	2.66226e-10	-3.15064e-10	2.91998e-10	-2.6977e-10
28.6	2.81453e-10	-2.61744e-10	2.42721e-10	-2.87173e-10	2.66226e-10	-2.46037e-10
28.7	2.56456e-10	-2.3856e-10	2.21285e-10	-2.61744e-10	2.42721e-10	-2.24385e-10
28.8	2.33673e-10	-2.17424e-10	2.01737e-10	-2.3856e-10	2.21285e-10	-2.04632e-10
28.9	2.12909e-10	-1.98155e-10	1.8391e-10	-2.17424e-10	2.01737e-10	-1.86612e-10
29	1.93985e-10	-1.80589e-10	1.67654e-10	-1.98155e-10	1.8391e-10	-1.70174e-10
29.1	1.76739e-10	-1.64576e-10	1.5283e-10	-1.80589e-10	1.67654e-10	-1.55179e-10
29.2	1.61022e-10	-1.4998e-10	1.39314e-10	-1.64576e-10	1.5283e-10	-1.41501e-10
29.3	1.467e-10	-1.36674e-10	1.26989e-10	-1.4998e-10	1.39314e-10	-1.29025e-10
29.4	1.33648e-10	-1.24546e-10	1.15751e-10	-1.36674e-10	1.26989e-10	-1.17645e-10
29.5	1.21755e-10	-1.13491e-10	1.05505e-10	-1.24546e-10	1.15751e-10	-1.07266e-10
29.6	1.10918e-10	-1.03414e-10	9.61638e-11	-1.13491e-10	1.05505e-10	-9.77994e-11
29.7	1.01043e-10	-9.42305e-11	8.7647e-11	-1.03414e-10	9.61638e-11	-8.91658e-11
29.8	9.20445e-11	-8.586e-11	7.98823e-11	-9.42305e-11	8.7647e-11	-8.12921e-11
29.9	8.38459e-11	-7.82312e-11	7.28036e-11	-8.586e-11	7.98823e-11	-7.41115e-11
30	7.63758e-11	-7.12784e-11	6.63505e-11	-7.82312e-11	7.28036e-11	-6.75632e-11
30.1	6.95696e-11	-6.49421e-11	6.04677e-11	-7.12784e-11	6.63505e-11	-6.15918e-11
30.2	6.33686e-11	-5.91676e-11	5.51051e-11	-6.49421e-11	6.04677e-11	-5.61466e-11
30.3	5.77191e-11	-5.39052e-11	5.02169e-11	-5.91676e-11	5.51051e-11	-5.11814e-11
30.4	5.2572e-11	-4.91098e-11	4.57611e-11	-5.39052e-11	5.02169e-11	-4.66539e-11
30.5	4.78829e-11	-4.47399e-11	4.16996e-11	-4.91098e-11	4.57611e-11	-4.25258e-11
30.6	4.36111e-11	-4.07579e-11	3.79976e-11	-4.47399e-11	4.16996e-11	-3.8762e-11
30.7	3.97196e-11	-3.71295e-11	3.46234e-11	-4.07579e-11	3.79976e-11	-3.53302e-11
30.8	3.61745e-11	-3.38233e-11	3.15481e-11	-3.71295e-11	3.46234e-11	-3.22015e-11
30.9	3.29451e-11	-3.08108e-11	2.87452e-11	-3.38233e-11	3.15481e-11	-2.9349e-11
31	3.00034e-11	-2.80659e-11	2.61907e-11	-3.08108e-11	2.87452e-11	-2.67485e-11
31.1	2.73238e-11	-2.55651e-11	2.38627e-11	-2.80659e-11	2.61907e-11	-2.43778e-11
31.2	2.4883e-11	-2.32865e-11	2.1741e-11	-2.55651e-11	2.38627e-11	-2.22167e-11
31.3	2.26598e-11	-2.12106e-11	1.98076e-11	-2.32865e-11	2.1741e-11	-2.02466e-11
31.4	2.06348e-11	-1.93193e-11	1.80456e-11	-2.12106e-11	1.98076e-11	-1.84507e-11
31.5	1.87903e-11	-1.75963e-11	1.644e-11	-1.93193e-11	1.80456e-11	-1.68137e-11
31.6	1.71104e-11	-1.60266e-11	1.49769e-11	-1.75963e-11	1.644e-11	-1.53215e-11
31.7	1.55803e-11	-1.45966e-11	1.36437e-11	-1.60266e-11	1.49769e-11	-1.39614e-11
31.8	1.41868e-11	-1.32939e-11	1.24289e-11	-1.45966e-11	1.36437e-11	-1.27218e-11
31.9	1.29177e-11	-1.21072e-11	1.1322e-11	-1.32939e-11	1.24289e-11	-1.15919e-11
32	1.17619e-11	-1.10262e-11	1.03134e-11	-1.21072e-11	1.1322e-11	-1.05621e-11
32.1	1.07093e-11	-1.00415e-11	9.3945e-12	-1.10262e-11	1.03134e-11	-9.62358e-12
32.2	9.75066e-12	-9.14458e-12	8.55726e-12	-1.00415e-11	9.3945e-12	-8.76823e-12
32.3	8.87769e-12	-8.32758e-12	7.79446e-12	-9.14458e-12	8.55726e-12	-7.9887e-12
32.4	8.08272e-12	-7.58342e-12	7.0995e-12	-8.32758e-12	7.79446e-12	-7.27831e-12
32.5	7.35879e-12	-6.90562e-12	6.46636e-12	-7.58342e-12	7.0995e-12	-6.63093e-12
32.6	6.69958e-12	-6.28828e-12	5.88955e-12	-6.90562e-12	6.46636e-12	-6.04099e-12
32.7	6.0993e-12	-5.726e-12	5.36409e-12	-6.28828e-12	5.88955e-12	-5.50341e-12
32.8	5.55271e-12	-5.2139e-12	4.8854e-12	-5.726e-12	5.36409e-12	-5.01355e-12
32.9	5.055e-12	-4.7475e-12	4.44933e-12	-5.2139e-12	4.8854e-12	-4.56719e-12
33	4.60182e-12	-4.32274e-12	4.0521e-12	-4.7475e-12	4.44933e-12	-4.16047e-12
33.1	4.18919e-12	-3.93591e-12	3.69025e-12	-4.32274e-12	4.0521e-12	-3.78989e-12
33.2	3.81349e-12	-3.58362e-12	3.36065e-12	-3.93591e-12	3.69025e-12	-3.45223e-12
33.3	3.47142e-12	-3.2628e-12	3.06043e-12	-3.58362e-12	3.36065e-12	-3.14459e-12
33.4	3.15997e-12	-2.97064e-12	2.78696e-12	-3.2628e-12	3.06043e-12	-2.8643e-12
33.5	2.87642e-12	-2.70459e-12	2.53788e-12	-2.97064e-12	2.78696e-12	-2.60893e-12
33.6	2.61826e-12	-2.46232e-12	2.31102e-12	-2.70459e-12	2.53788e-12	-2.37628e-12
33.7	2.38323e-12	-2.24172e-12	2.10439e-12	-2.46232e-12	2.31102e-12	-2.16433e-12
33.8	2.16926e-12	-2.04083e-12	1.91619e-12	-2.24172e-12	2.10439e-12	-1.97124e-12
33.9	1.97447e-12	-1.85792e-12	1.7448e-12	-2.04083e-12	1.91619e-12	-1.79534e-12
34	1.79713e-12	-1.69136e-12	1.5887e-12	-1.85792e-12	1.7448e-12	-1.6351e-12
34.1	1.6357e-12	-1.53971e-12	1.44654e-12	-1.69136e-12	1.5887e-12	-1.48913e-12
34.2	1.48874e-12	-1.40163e-12	1.31707e-12	-1.53971e-12	1.44654e-12	-1.35617e-12
34.3	1.35496e-12	-1.27591e-12	1.19917e-12	-1.40163e-12	1.31707e-12	-1.23505e-12
34.4	1.23318e-12	-1.16145e-12	1.0918e-12	-1.27591e-12	1.19917e-12	-1.12472e-12
34.5	1.12233e-12	-1.05723e-12	9.94024e-13	-1.16145e-12	1.0918e-12	-1.02423e-12
34.6	1.02142e-12	-9.62354e-13	9.04988e-13	-1.05723e-12	9.94024e-13	-9.32694e-13
34.7	9.29573e-13	-8.75972e-13	8.23911e-13	-9.62354e-13	9.04988e-13	-8.49325e-13
34.8	8.4597e-13	-7.9733e-13	7.50084e-13	-8.75972e-13	8.23911e-13	-7.73391e-13
34.9	7.69872e-13	-7.25735e-13	6.8286e-13	-7.9733e-13	7.50084e-13	-7.04232e-13
35	7.00609e-13	-6.60558e-13	6.21648e-13	-7.25735e-13	6.8286e-13	-6.41245e-13
35.1	6.37566e-13	-6.01223e-13	5.65913e-13	-6.60558e-13	6.21648e-13	-5.83879e-13
35.2	5.80187e-13	-5.47209e-13	5.15166e-13	-6.01223e-13	5.65913e-13	-5.31635e-13
35.3	5.27963e-13	-4.98039e-13	4.6896e-13	-5.47209e-13	5.15166e-13	-4.84056e-13
35.4	4.80432e-13	-4.53279e-13	4.26891e-13	-4.98039e-13	4.6896e-13	-4.40727e-13
35.5	4.37173e-13	-4.12535e-13	3.88589e-13	-4.53279e-13	4.26891e-13	-4.01268e-13
35.6	3.97803e-13	-3.75447e-13	3.53717e-13	-4.12535e-13	3.88589e-13	-3.65335e-13
35.7	3.61973e-13	-3.41688e-13	3.21969e-13	-3.75447e-13	3.53717e-13	-3.32614e-13
35.8	3.29365e-13	-3.10959e-13	2.93065e-13	-3.41688e-13	3.21969e-13	-3.02817e-13
35.9	2.9969e-13	-2.82988e-13	2.66751e-13	-3.10959e-13	2.93065e-13	-2.75684e-13
36	2.72684e-13	-2.5753e-13	2.42796e-13	-2.82988e-13	2.66751e-13	-2.50978e-13
36.1	2.48107e-13	-2.34358e-13	2.20988e-13	-2.5753e-13	2.42796e-13	-2.28482e-13
36.2	2.25743e-13	-2.13267e-13	2.01135e-13	-2.34358e-13	2.20988e-13	-2.07998e-13
36.3	2.05391e-13	-1.94071e-13	1.83063e-13	-2.13267e-13	2.01135e-13	-1.89347e-13
36.4	1.86871e-13	-1.76601e-13	1.66612e-13	-1.94071e-13	1.83063e-13	-1.72365e-13
36.5	1.70018e-13	-1.607e-13	1.51636e-13	-1.76601e-13	1.66612e-13	-1.56904e-13
36.6	1.54683e-13	-1.46229e-13	1.38004e-13	-1.607e-13	1.51636e-13	-1.42827e-13
36.7	1.40729e-13	-1.33058e-13	1.25596e-13	-1.46229e-13	1.38004e-13	-1.3001e-13
36.8	1.28032e-13	-1.21072e-13	1.14301e-13	-1.33058e-13	1.25596e-13	-1.18342e-13
36.9	1.16479e-13	-1.10164e-13	1.0402e-13	-1.21072e-13	1.14301e-13	-1.07718e-13
37	1.05967e-13	-1.00238e-13	9.46628e-14	-1.10164e-13	1.0402e-13	-9.80471e-14
37.1	9.64017e-14	-9.12038e-14	8.61456e-14	-1.00238e-13	9.46628e-14	-8.92425e-14
37.2	8.76989e-14	-8.29829e-14	7.83934e-14	-9.12038e-14	8.61456e-14	-8.12271e-14
37.3	7.97805e-14	-7.55019e-14	7.13377e-14	-8.29829e-14	7.83934e-14	-7.39304e-14
37.4	7.25761e-14	-6.86943e-14	6.4916e-14	-7.55019e-14	7.13377e-14	-6.72879e-14
37.5	6.60212e-14	-6.24995e-14	5.90714e-14	-6.86943e-14	6.4916e-14	-6.12413e-14
37.6	6.00576e-14	-5.68625e-14	5.37522e-14	-6.24995e-14	5.90714e-14	-5.5737e-14
37.7	5.46318e-14	-5.17331e-14	4.89111e-14	-5.68625e-14	5.37522e-14	-5.07266e-14
37.8	4.96956e-14	-4.70658e-14	4.45054e-14	-5.17331e-14	4.89111e-14	-4.61658e-14
37.9	4.52047e-14	-4.28189e-14	4.04958e-14	-4.70658e-14	4.45054e-14	-4.20144e-14
38	4.1119e-14	-3.89546e-14	3.68469e-14	-4.28189e-14	4.04958e-14	-3.82356e-14
38.1	3.74022e-14	-3.54385e-14	3.35263e-14	-3.89546e-14	3.68469e-14	-3.47961e-14
38.2	3.40208e-14	-3.22394e-14	3.05045e-14	-3.54385e-14	3.35263e-14	-3.16655e-14
38.3	3.09447e-14	-2.93286e-14	2.77546e-14	-3.22394e-14	3.05045e-14	-2.88161e-14
38.4	2.81463e-14	-2.66802e-14	2.52522e-14	-2.93286e-14	2.77546e-14	-2.62227e-14
38.5	2.56007e-14	-2.42706e-14	2.29751e-14	-2.66802e-14	2.52522e-14	-2.38622e-14
38.6	2.3285e-14	-2.20784e-14	2.0903e-14	-2.42706e-14	2.29751e-14	-2.17139e-14
38.7	2.11784e-14	-2.00838e-14	1.90175e-14	-2.20784e-14	2.0903e-14	-1.97587e-14
38.8	1.92622e-14	-1.82692e-14	1.73018e-14	-2.00838e-14	1.90175e-14	-1.79793e-14
38.9	1.75191e-14	-1.66183e-14	1.57406e-14	-1.82692e-14	1.73018e-14	-1.63599e-14
39	1.59336e-14	-1.51164e-14	1.43202e-14	-1.66183e-14	1.57406e-14	-1.4886e-14
39.1	1.44913e-14	-1.375e-14	1.30277e-14	-1.51164e-14	1.43202e-14	-1.35448e-14
39.2	1.31795e-14	-1.2507e-14	1.18517e-14	-1.375e-14	1.30277e-14	-1.23242e-14
39.3	1.19862e-14	-1.13762e-14	1.07816e-14	-1.2507e-14	1.18517e-14	-1.12134e-14
39.4	1.09008e-14	-1.03475e-14	9.8081e-15	-1.13762e-14	1.07816e-14	-1.02026e-14
39.5	9.9136e-15	-9.41163e-15	8.92234e-15	-1.03475e-14	9.8081e-15	-9.28276e-15
39.6	9.01568e-15	-8.56033e-15	8.11645e-15	-9.41163e-15	8.92234e-15	-8.44572e-15
39.7	8.19897e-15	-7.78592e-15	7.38325e-15	-8.56033e-15	8.11645e-15	-7.68404e-15
39.8	7.45616e-15	-7.08148e-15	6.71618e-15	-7.78592e-15	7.38325e-15	-6.99095e-15
39.9	6.78056e-15	-6.44068e-15	6.1093e-15	-7.08148e-15	6.71618e-15	-6.36028e-15
40	6.1661e-15	-5.85779e-15	5.55718e-15	-6.44068e-15	6.1093e-15	-5.78641e-15
40.1	5.60725e-15	-5.32759e-15	5.05488e-15	-5.85779e-15	5.55718e-15	-5.26425e-15
40.2	5.09898e-15	-4.84531e-15	4.59792e-15	-5.32759e-15	5.05488e-15	-4.78913e-15
40.3	4.63673e-15	-4.40663e-15	4.18222e-15	-4.84531e-15	4.59792e-15	-4.35684e-15
40.4	4.21634e-15	-4.00761e-15	3.80404e-15	-4.40663e-15	4.18222e-15	-3.9635e-15
40.5	3.83401e-15	-3.64468e-15	3.46002e-15	-4.00761e-15	3.80404e-15	-3.60563e-15
40.6	3.48631e-15	-3.31457e-15	3.14706e-15	-3.64468e-15	3.46002e-15	-3.28002e-15
40.7	3.1701e-15	-3.01433e-15	2.86237e-15	-3.31457e-15	3.14706e-15	-2.98377e-15
40.8	2.88254e-15	-2.74124e-15	2.6034e-15	-3.01433e-15	2.86237e-15	-2.71424e-15
40.9	2.62103e-15	-2.49287e-15	2.36783e-15	-2.74124e-15	2.6034e-15	-2.46902e-15
41	2.38321e-15	-2.26697e-15	2.15355e-15	-2.49287e-15	2.36783e-15	-2.24592e-15
41.1	2.16695e-15	-2.06151e-15	1.95863e-15	-2.26697e-15	2.15355e-15	-2.04296e-15
41.2	1.97029e-15	-1.87465e-15	1.78133e-15	-2.06151e-15	1.95863e-15	-1.85831e-15
41.3	1.79146e-15	-1.70471e-15	1.62006e-15	-1.87465e-15	1.78133e-15	-1.69032e-15
41.4	1.62884e-15	-1.55016e-15	1.47337e-15	-1.70471e-15	1.62006e-15	-1.5375e-15
41.5	1.48096e-15	-1.4096e-15	1.33995e-15	-1.55016e-15	1.47337e-15	-1.39848e-15
41.6	1.34649e-15	-1.28177e-15	1.21859e-15	-1.4096e-15	1.33995e-15	-1.27201e-15
41.7	1.22422e-15	-1.16551e-15	1.10821e-15	-1.28177e-15	1.21859e-15	-1.15696e-15
41.8	1.11304e-15	-1.05979e-15	1.00781e-15	-1.16551e-15	1.10821e-15	-1.05231e-15
41.9	1.01195e-15	-9.63648e-16	9.165e-16	-1.05979e-15	1.00781e-15	-9.57104e-16
42	9.20022e-16	-8.76216e-16	8.33451e-16	-9.63648e-16	9.165e-16	-8.70503e-16
42.1	8.36438e-16	-7.96707e-16	7.57918e-16	-8.76216e-16	8.33451e-16	-7.91727e-16
42.2	7.6044e-16	-7.24405e-16	6.89221e-16	-7.96707e-16	7.57918e-16	-7.2007e-16
42.3	6.91339e-16	-6.58656e-16	6.26744e-16	-7.24405e-16	6.89221e-16	-6.5489e-16
42.4	6.2851e-16	-5.98868e-16	5.69922e-16	-6.58656e-16	6.26744e-16	-5.95602e-16
42.5	5.71385e-16	-5.445e-16	5.18246e-16	-5.98868e-16	5.69922e-16	-5.41675e-16
42.6	5.19446e-16	-4.95063e-16	4.7125e-16	-5.445e-16	5.18246e-16	-4.92624e-16
42.7	4.72223e-16	-4.50108e-16	4.2851e-16	-4.95063e-16	4.7125e-16	-4.48008e-16
42.8	4.29289e-16	-4.09232e-16	3.89642e-16	-4.50108e-16	4.2851e-16	-4.07429e-16
42.9	3.90253e-16	-3.72063e-16	3.54295e-16	-4.09232e-16	3.89642e-16	-3.7052e-16
43	3.54764e-16	-3.38266e-16	3.22151e-16	-3.72063e-16	3.54295e-16	-3.3695e-16
43.1	3.22498e-16	-3.07536e-16	2.92919e-16	-3.38266e-16	3.22151e-16	-3.06418e-16
43.2	2.93164e-16	-2.79594e-16	2.66337e-16	-3.07536e-16	2.92919e-16	-2.78649e-16
43.3	2.66495e-16	-2.54188e-16	2.42164e-16	-2.79594e-16	2.66337e-16	-2.53394e-16
43.4	2.42249e-16	-2.31088e-16	2.20183e-16	-2.54188e-16	2.42164e-16	-2.30424e-16
43.5	2.20207e-16	-2.10085e-16	2.00194e-16	-2.31088e-16	2.20183e-16	-2.09535e-16
43.6	2.00169e-16	-1.90989e-16	1.82018e-16	-2.10085e-16	2.00194e-16	-1.90536e-16
43.7	1.81952e-16	-1.73626e-16	1.65491e-16	-1.90989e-16	1.82018e-16	-1.73258e-16
43.8	1.65391e-16	-1.57841e-16	1.50462e-16	-1.73626e-16	1.65491e-16	-1.57545e-16
43.9	1.50336e-16	-1.43489e-16	1.36796e-16	-1.57841e-16	1.50462e-16	-1.43255e-16
44	1.3665e-16	-1.3044e-16	1.24371e-16	-1.43489e-16	1.36796e-16	-1.3026e-16
44.1	1.24209e-16	-1.18577e-16	1.13072e-16	-1.3044e-16	1.24371e-16	-1.18442e-16
44.2	1.12899e-16	-1.07791e-16	1.02799e-16	-1.18577e-16	1.13072e-16	-1.07695e-16
44.3	1.02618e-16	-9.79859e-17	9.34584e-17	-1.07791e-16	1.02799e-16	-9.79224e-17
44.4	9.3272e-17	-8.90715e-17	8.49654e-17	-9.79859e-17	9.34584e-17	-8.90352e-17
44.5	8.47765e-17	-8.09672e-17	7.72433e-17	-8.90715e-17	8.49654e-17	-8.09536e-17
44.6	7.7054e-17	-7.35995e-17	7.02222e-17	-8.09672e-17	7.72433e-17	-7.36048e-17
44.7	7.00343e-17	-6.69015e-17	6.38386e-17	-7.35995e-17	7.02222e-17	-6.69222e-17
44.8	6.36534e-17	-6.08124e-17	5.80347e-17	-6.69015e-17	6.38386e-17	-6.08457e-17
44.9	5.78533e-17	-5.5277e-17	5.27579e-17	-6.08124e-17	5.80347e-17	-5.53203e-17
45	5.25813e-17	-5.02449e-17	4.79603e-17	-5.5277e-17	5.27579e-17	-5.0296e-17
45.1	4.77891e-17	-4.56704e-17	4.35986e-17	-5.02449e-17	4.79603e-17	-4.57276e-17
45.2	4.34333e-17	-4.1512e-17	3.96331e-17	-4.56704e-17	4.35986e-17	-4.15736e-17
45.3	3.94741e-17	-3.77318e-17	3.60278e-17	-4.1512e-17	3.96331e-17	-3.77965e-17
45.4	3.58755e-17	-3.42955e-17	3.27502e-17	-3.77318e-17	3.60278e-17	-3.43623e-17
45.5	3.26046e-17	-3.11718e-17	2.97705e-17	-3.42955e-17	3.27502e-17	-3.12397e-17
45.6	2.96317e-17	-2.83324e-17	2.70615e-17	-3.11718e-17	2.97705e-17	-2.84005e-17
45.7	2.69295e-17	-2.57513e-17	2.45988e-17	-2.83324e-17	2.70615e-17	-2.58191e-17
45.8	2.44736e-17	-2.34052e-17	2.236e-17	-2.57513e-17	2.45988e-17	-2.34721e-17
45.9	2.22414e-17	-2.12725e-17	2.03248e-17	-2.34052e-17	2.236e-17	-2.13382e-17
46	2.02126e-17	-1.9334e-17	1.84745e-17	-2.12725e-17	2.03248e-17	-1.9398e-17
46.1	1.83687e-17	-1.7572e-17	1.67926e-17	-1.9334e-17	1.84745e-17	-1.76341e-17
46.2	1.66929e-17	-1.59704e-17	1.52636e-17	-1.7572e-17	1.67926e-17	-1.60304e-17
46.3	1.51698e-17	-1.45147e-17	1.38737e-17	-1.59704e-17	1.52636e-17	-1.45724e-17
46.4	1.37855e-17	-1.31915e-17	1.26102e-17	-1.45147e-17	1.38737e-17	-1.32469e-17
46.5	1.25275e-17	-1.19888e-17	1.14617e-17	-1.31915e-17	1.26102e-17	-1.20418e-17
46.6	1.13841e-17	-1.08957e-17	1.04177e-17	-1.19888e-17	1.14617e-17	-1.09462e-17
46.7	1.0345e-17	-9.9021e-18	9.46866e-18	-1.08957e-17	1.04177e-17	-9.95016e-18
46.8	9.40067e-18	-8.99905e-18	8.606e-18	-9.9021e-18	9.46866e-18	-9.04468e-18
46.9	8.54245e-18	-8.17828e-18	7.82186e-18	-8.99905e-18	8.606e-18	-8.22152e-18
47	7.76252e-18	-7.4323e-18	7.1091e-18	-8.17828e-18	7.82186e-18	-7.47319e-18
47.1	7.05373e-18	-6.7543e-18	6.46122e-18	-7.4323e-18	7.1091e-18	-6.7929e-18
47.2	6.4096e-18	-6.13809e-18	5.87233e-18	-6.7543e-18	6.46122e-18	-6.17448e-18
47.3	5.82424e-18	-5.57805e-18	5.33706e-18	-6.13809e-18	5.87233e-18	-5.6123e-18
47.4	5.29229e-18	-5.06906e-18	4.85053e-18	-5.57805e-18	5.33706e-18	-5.10126e-18
47.5	4.80888e-18	-4.60647e-18	4.40831e-18	-5.06906e-18	4.85053e-18	-4.6367e-18
47.6	4.36959e-18	-4.18606e-18	4.00637e-18	-4.60647e-18	4.40831e-18	-4.2144e-18
47.7	3.97039e-18	-3.80398e-18	3.64104e-18	-4.18606e-18	4.00637e-18	-3.83053e-18
47.8	3.60763e-18	-3.45674e-18	3.30899e-18	-3.80398e-18	3.64104e-18	-3.48159e-18
47.9	3.27799e-18	-3.14117e-18	3.0072e-18	-3.45674e-18	3.30899e-18	-3.1644e-18
48	2.97844e-18	-2.85438e-18	2.7329e-18	-3.14117e-18	3.0072e-18	-2.87608e-18
48.1	2.70624e-18	-2.59376e-18	2.4836e-18	-2.85438e-18	2.7329e-18	-2.614e-18
48.2	2.4589e-18	-2.35691e-18	2.25702e-18	-2.59376e-18	2.4836e-18	-2.37579e-18
48.3	2.23414e-18	-2.14166e-18	2.0511e-18	-2.35691e-18	2.25702e-18	-2.15925e-18
48.4	2.02991e-18	-1.94606e-18	1.86394e-18	-2.14166e-18	2.0511e-18	-1.96244e-18
48.5	1.84434e-18	-1.76831e-18	1.69384e-18	-1.94606e-18	1.86394e-18	-1.78355e-18
48.6	1.67571e-18	-1.60678e-18	1.53926e-18	-1.76831e-18	1.69384e-18	-1.62095e-18
48.7	1.52249e-18	-1.45999e-18	1.39877e-18	-1.60678e-18	1.53926e-18	-1.47315e-18
48.8	1.38327e-18	-1.3266e-18	1.27108e-18	-1.45999e-18	1.39877e-18	-1.33882e-18
48.9	1.25676e-18	-1.20538e-18	1.15505e-18	-1.3266e-18	1.27108e-18	-1.21673e-18
49	1.14182e-18	-1.09523e-18	1.0496e-18	-1.20538e-18	1.15505e-18	-1.10576e-18
49.1	1.03738e-18	-9.95143e-19	9.53761e-19	-1.09523e-18	1.0496e-18	-1.00491e-18
49.2	9.42489e-19	-9.04191e-19	8.66669e-19	-9.95143e-19	9.53761e-19	-9.13238e-19
49.3	8.56268e-19	-8.21544e-19	7.87523e-19	-9.04191e-19	8.66669e-19	-8.29925e-19
49.4	7.77928e-19	-7.46445e-19	7.15598e-19	-8.21544e-19	7.87523e-19	-7.54205e-19
49.5	7.0675e-19	-6.78206e-19	6.50237e-19	-7.46445e-19	7.15598e-19	-6.85388e-19
49.6	6.4208e-19	-6.16199e-19	5.9084e-19	-6.78206e-19	6.50237e-19	-6.22843e-19
49.7	5.83322e-19	-5.59857e-19	5.36864e-19	-6.16199e-19	5.9084e-19	-5.66001e-19
49.8	5.29937e-19	-5.08663e-19	4.87815e-19	-5.59857e-19	5.36864e-19	-5.14342e-19
49.9	4.81434e-19	-4.62145e-19	4.43243e-19	-5.08663e-19	4.87815e-19	-4.67393e-19
