0	-4	44	-2
0.1	-3.6	3.83.8	-2.2
0.2	-3.22	3.583.58	-2.32
0.3	-2.862	3.3483.348	-2.376
0.4	-2.5272	3.11043.1104	-2.3814
0.5	-2.21616	2.872262.87226	-2.34738
0.6	-1.92893	2.637522.63752	-2.28323
0.7	-1.66518	2.40922.4092	-2.19662
0.8	-1.42426	2.189542.18954	-2.09388
0.9	-1.20531	1.980151.98015	-1.98015
1	-1.00729	1.782131.78213	-1.85962
1.1	-0.82908	1.596171.59617	-1.73564
1.2	-0.669463	1.422611.42261	-1.61089
1.3	-0.527202	1.261521.26152	-1.48746
1.4	-0.40105	1.112771.11277	-1.36696
1.5	-0.289773	0.9760760.976076	-1.2506
1.6	-0.192165	0.8510170.851017	-1.13926
1.7	-0.107063	0.737090.73709	-1.03357
1.8	-0.0333544	0.6337330.633733	-0.933922
1.9	0.0300189	0.5403410.540341	-0.84053
2	0.084053	0.4562880.456288	-0.753475
2.1	0.129682	0.380940.38094	-0.672724
2.2	0.167776	0.3136680.313668	-0.598157
2.3	0.199143	0.2538520.253852	-0.529588
2.4	0.224528	0.2008930.200893	-0.466781
2.5	0.244617	0.1542150.154215	-0.409468
2.6	0.260039	0.1132680.113268	-0.357354
2.7	0.271365	0.0775330.077533	-0.310132
2.8	0.279119	0.04651980.0465198	-0.267489
2.9	0.283771	0.01977090.0197709	-0.22911
3	0.285748	-0.00314009-0.00314009	-0.194685
3.1	0.285434	-0.0226086-0.0226086	-0.163912
3.2	0.283173	-0.0389999-0.0389999	-0.1365
3.3	0.279273	-0.0526498-0.0526498	-0.112167
3.4	0.274008	-0.0638665-0.0638665	-0.0906493
3.5	0.267621	-0.0729314-0.0729314	-0.0716953
3.6	0.260328	-0.080101-0.080101	-0.0550694
3.7	0.252318	-0.0856079-0.0856079	-0.0405511
3.8	0.243757	-0.089663-0.089663	-0.0279352
3.9	0.234791	-0.0924566-0.0924566	-0.0170315
4	0.225545	-0.0941597-0.0941597	-0.00766416
4.1	0.216129	-0.0949261-0.0949261	0.000328464
4.2	0.206637	-0.0948933-0.0948933	0.00709482
4.3	0.197147	-0.0941838-0.0941838	0.0127707
4.4	0.187729	-0.0929067-0.0929067	0.0174799
4.5	0.178438	-0.0911587-0.0911587	0.021335
4.6	0.169322	-0.0890252-0.0890252	0.0244383
4.7	0.16042	-0.0865814-0.0865814	0.0268821
4.8	0.151762	-0.0838932-0.0838932	0.0287499
4.9	0.143373	-0.0810182-0.0810182	0.0301167
5	0.135271	-0.0780065-0.0780065	0.0310499
5.1	0.12747	-0.0749015-0.0749015	0.0316098
5.2	0.11998	-0.0717406-0.0717406	0.0318503
5.3	0.112806	-0.0685555-0.0685555	0.0318194
5.4	0.10595	-0.0653736-0.0653736	0.0315597
5.5	0.0994129	-0.0622176-0.0622176	0.0311088
5.6	0.0931912	-0.0591067-0.0591067	0.0305002
5.7	0.0872805	-0.0560567-0.0560567	0.029763
5.8	0.0816748	-0.0530804-0.0530804	0.0289231
5.9	0.0763668	-0.0501881-0.0501881	0.0280028
6	0.071348	-0.0473878-0.0473878	0.0270217
6.1	0.0666092	-0.0446857-0.0446857	0.0259967
6.2	0.0621406	-0.042086-0.042086	0.0249425
6.3	0.057932	-0.0395917-0.0395917	0.0238715
6.4	0.0539728	-0.0372046-0.0372046	0.0227944
6.5	0.0502524	-0.0349251-0.0349251	0.0217201
6.6	0.0467599	-0.0327531-0.0327531	0.0206564
6.7	0.0434846	-0.0306875-0.0306875	0.0196094
6.8	0.0404158	-0.0287265-0.0287265	0.0185844
6.9	0.0375432	-0.0268681-0.0268681	0.0175855
7	0.0348563	-0.0251096-0.0251096	0.0166159
7.1	0.0323454	-0.023448-0.023448	0.0156784
7.2	0.0300006	-0.0218801-0.0218801	0.0147747
7.3	0.0278126	-0.0204027-0.0204027	0.0139063
7.4	0.0257723	-0.019012-0.019012	0.0130739
7.5	0.0238711	-0.0177046-0.0177046	0.0122781
7.6	0.0221006	-0.0164768-0.0164768	0.011519
7.7	0.020453	-0.0153249-0.0153249	0.0107963
7.8	0.0189205	-0.0142453-0.0142453	0.0101096
7.9	0.0174959	-0.0132343-0.0132343	0.00945824
8	0.0161725	-0.0122885-0.0122885	0.00884147
8.1	0.0149437	-0.0114044-0.0114044	0.00825834
8.2	0.0138032	-0.0105785-0.0105785	0.00770778
8.3	0.0127454	-0.00980776-0.00980776	0.00718868
8.4	0.0117646	-0.00908889-0.00908889	0.00669987
8.5	0.0108557	-0.0084189-0.0084189	0.00624012
8.6	0.0100138	-0.00779489-0.00779489	0.00580818
8.7	0.00923432	-0.00721407-0.00721407	0.00540281
8.8	0.00851291	-0.00667379-0.00667379	0.00502276
8.9	0.00784554	-0.00617151-0.00617151	0.00466678
9	0.00722838	-0.00570484-0.00570484	0.00433364
9.1	0.0066579	-0.00527147-0.00527147	0.00402216
9.2	0.00613075	-0.00486926-0.00486926	0.00373117
9.3	0.00564383	-0.00449614-0.00449614	0.00345952
9.4	0.00519421	-0.00415019-0.00415019	0.00320612
9.5	0.00477919	-0.00382958-0.00382958	0.00296992
9.6	0.00439624	-0.00353258-0.00353258	0.0027499
9.7	0.00404298	-0.00325759-0.00325759	0.00254508
9.8	0.00371722	-0.00300309-0.00300309	0.00235454
9.9	0.00341691	-0.00276763-0.00276763	0.00217738
10	0.00314015	-0.00254989-0.00254989	0.00201276
10.1	0.00288516	-0.00234862-0.00234862	0.00185989
10.2	0.0026503	-0.00216263-0.00216263	0.00171799
10.3	0.00243403	-0.00199083-0.00199083	0.00158635
10.4	0.00223495	-0.00183219-0.00183219	0.00146429
10.5	0.00205173	-0.00168577-0.00168577	0.00135117
10.6	0.00188315	-0.00155065-0.00155065	0.00124637
10.7	0.00172809	-0.00142601-0.00142601	0.00114934
10.8	0.00158549	-0.00131108-0.00131108	0.00105953
10.9	0.00145438	-0.00120512-0.00120512	0.000976447
11	0.00133387	-0.00110748-0.00110748	0.000899612
11.1	0.00122312	-0.00101752-0.00101752	0.000828585
11.2	0.00112137	-0.000934659-0.000934659	0.000762953
11.3	0.0010279	-0.000858364-0.000858364	0.000702328
11.4	0.000942066	-0.000788131-0.000788131	0.000646349
11.5	0.000863253	-0.000723496-0.000723496	0.000594677
11.6	0.000790904	-0.000664029-0.000664029	0.000546997
11.7	0.000724501	-0.000609329-0.000609329	0.000503016
11.8	0.000663568	-0.000559027-0.000559027	0.00046246
11.9	0.000607665	-0.000512781-0.000512781	0.000425073
12	0.000556387	-0.000470274-0.000470274	0.000390619
12.1	0.00050936	-0.000431212-0.000431212	0.000358877
12.2	0.000466239	-0.000395324-0.000395324	0.000329641
12.3	0.000426706	-0.00036236-0.00036236	0.000302722
12.4	0.00039047	-0.000332088-0.000332088	0.000277943
12.5	0.000357261	-0.000304294-0.000304294	0.00025514
12.6	0.000326832	-0.00027878-0.00027878	0.00023416
12.7	0.000298954	-0.000255364-0.000255364	0.000214862
12.8	0.000273418	-0.000233877-0.000233877	0.000197117
12.9	0.00025003	-0.000214166-0.000214166	0.000180804
13	0.000228613	-0.000196085-0.000196085	0.000165809
13.1	0.000209005	-0.000179504-0.000179504	0.000152031
13.2	0.000191054	-0.000164301-0.000164301	0.000139372
13.3	0.000174624	-0.000150364-0.000150364	0.000127746
13.4	0.000159588	-0.00013759-0.00013759	0.000117069
13.5	0.000145829	-0.000125883-0.000125883	0.000107266
13.6	0.000133241	-0.000115156-0.000115156	9.82682e-05
13.7	0.000121725	-0.000105329-0.000105329	9.00105e-05
13.8	0.000111192	-9.63281e-05-9.63281e-05	8.24336e-05
13.9	0.000101559	-8.80848e-05-8.80848e-05	7.54828e-05
14	9.27508e-05	-8.05365e-05-8.05365e-05	6.91075e-05
14.1	8.46971e-05	-7.36258e-05-7.36258e-05	6.32611e-05
14.2	7.73345e-05	-6.72997e-05-6.72997e-05	5.79008e-05
14.3	7.06046e-05	-6.15096e-05-6.15096e-05	5.2987e-05
14.4	6.44536e-05	-5.62109e-05-5.62109e-05	4.84833e-05
14.5	5.88325e-05	-5.13625e-05-5.13625e-05	4.43562e-05
14.6	5.36963e-05	-4.69269e-05-4.69269e-05	4.05749e-05
14.7	4.90036e-05	-4.28694e-05-4.28694e-05	3.71109e-05
14.8	4.47166e-05	-3.91583e-05-3.91583e-05	3.39381e-05
14.9	4.08008e-05	-3.57645e-05-3.57645e-05	3.10325e-05
15	3.72243e-05	-3.26613e-05-3.26613e-05	2.8372e-05
15.1	3.39582e-05	-2.98241e-05-2.98241e-05	2.59364e-05
15.2	3.09758e-05	-2.72305e-05-2.72305e-05	2.37069e-05
15.3	2.82528e-05	-2.48598e-05-2.48598e-05	2.16664e-05
15.4	2.57668e-05	-2.26931e-05-2.26931e-05	1.97991e-05
15.5	2.34975e-05	-2.07132e-05-2.07132e-05	1.80906e-05
15.6	2.14261e-05	-1.89042e-05-1.89042e-05	1.65277e-05
15.7	1.95357e-05	-1.72514e-05-1.72514e-05	1.5098e-05
15.8	1.78106e-05	-1.57416e-05-1.57416e-05	1.37904e-05
15.9	1.62364e-05	-1.43625e-05-1.43625e-05	1.25947e-05
16	1.48002e-05	-1.31031e-05-1.31031e-05	1.15014e-05
16.1	1.34899e-05	-1.19529e-05-1.19529e-05	1.05019e-05
16.2	1.22946e-05	-1.09027e-05-1.09027e-05	9.58822e-06
16.3	1.12043e-05	-9.94392e-06-9.94392e-06	8.75312e-06
16.4	1.02099e-05	-9.0686e-06-9.0686e-06	7.98993e-06
16.5	9.30305e-06	-8.26961e-06-8.26961e-06	7.29254e-06
16.6	8.47609e-06	-7.54036e-06-7.54036e-06	6.65536e-06
16.7	7.72206e-06	-6.87482e-06-6.87482e-06	6.07325e-06
16.8	7.03457e-06	-6.2675e-06-6.2675e-06	5.54151e-06
16.9	6.40782e-06	-5.71335e-06-5.71335e-06	5.05585e-06
17	5.83649e-06	-5.20776e-06-5.20776e-06	4.61232e-06
17.1	5.31571e-06	-4.74653e-06-4.74653e-06	4.2073e-06
17.2	4.84106e-06	-4.3258e-06-4.3258e-06	3.8375e-06
17.3	4.40848e-06	-3.94205e-06-3.94205e-06	3.49988e-06
17.4	4.01428e-06	-3.59206e-06-3.59206e-06	3.19168e-06
17.5	3.65507e-06	-3.27289e-06-3.27289e-06	2.91037e-06
17.6	3.32778e-06	-2.98186e-06-2.98186e-06	2.65362e-06
17.7	3.02959e-06	-2.71649e-06-2.71649e-06	2.41931e-06
17.8	2.75795e-06	-2.47456e-06-2.47456e-06	2.20551e-06
17.9	2.51049e-06	-2.25401e-06-2.25401e-06	2.01043e-06
18	2.28509e-06	-2.05297e-06-2.05297e-06	1.83245e-06
18.1	2.07979e-06	-1.86972e-06-1.86972e-06	1.6701e-06
18.2	1.89282e-06	-1.70271e-06-1.70271e-06	1.52201e-06
18.3	1.72255e-06	-1.55051e-06-1.55051e-06	1.38694e-06
18.4	1.5675e-06	-1.41182e-06-1.41182e-06	1.26376e-06
18.5	1.42631e-06	-1.28544e-06-1.28544e-06	1.15142e-06
18.6	1.29777e-06	-1.1703e-06-1.1703e-06	1.049e-06
18.7	1.18074e-06	-1.0654e-06-1.0654e-06	9.55612e-07
18.8	1.0742e-06	-9.69839e-07-9.69839e-07	8.70475e-07
18.9	9.77216e-07	-8.82792e-07-8.82792e-07	7.92864e-07
19	8.88937e-07	-8.03505e-07-8.03505e-07	7.22121e-07
19.1	8.08586e-07	-7.31293e-07-7.31293e-07	6.57642e-07
19.2	7.35457e-07	-6.65529e-07-6.65529e-07	5.98879e-07
19.3	6.68904e-07	-6.05641e-07-6.05641e-07	5.45328e-07
19.4	6.0834e-07	-5.51108e-07-5.51108e-07	4.96532e-07
19.5	5.53229e-07	-5.01455e-07-5.01455e-07	4.52071e-07
19.6	5.03084e-07	-4.56248e-07-4.56248e-07	4.11563e-07
19.7	4.57459e-07	-4.15092e-07-4.15092e-07	3.7466e-07
19.8	4.1595e-07	-3.77626e-07-3.77626e-07	3.41044e-07
19.9	3.78187e-07	-3.43521e-07-3.43521e-07	3.10423e-07
20	3.43835e-07	-3.12479e-07-3.12479e-07	2.82534e-07
20.1	3.12587e-07	-2.84226e-07-2.84226e-07	2.57134e-07
20.2	2.84164e-07	-2.58512e-07-2.58512e-07	2.34003e-07
20.3	2.58313e-07	-2.35112e-07-2.35112e-07	2.12939e-07
20.4	2.34802e-07	-2.13818e-07-2.13818e-07	1.9376e-07
20.5	2.1342e-07	-1.94442e-07-1.94442e-07	1.76297e-07
20.6	1.93976e-07	-1.76812e-07-1.76812e-07	1.60398e-07
20.7	1.76295e-07	-1.60772e-07-1.60772e-07	1.45925e-07
20.8	1.60218e-07	-1.4618e-07-1.4618e-07	1.3275e-07
20.9	1.456e-07	-1.32905e-07-1.32905e-07	1.20757e-07
21	1.32309e-07	-1.20829e-07-1.20829e-07	1.09842e-07
21.1	1.20226e-07	-1.09845e-07-1.09845e-07	9.99069e-08
21.2	1.09242e-07	-9.98545e-08-9.98545e-08	9.08658e-08
21.3	9.92562e-08	-9.07679e-08-9.07679e-08	8.26382e-08
21.4	9.01794e-08	-8.25041e-08-8.25041e-08	7.51515e-08
21.5	8.1929e-08	-7.49889e-08-7.49889e-08	6.83393e-08
21.6	7.44301e-08	-6.8155e-08-6.8155e-08	6.21413e-08
21.7	6.76146e-08	-6.19408e-08-6.19408e-08	5.65024e-08
21.8	6.14205e-08	-5.62906e-08-5.62906e-08	5.13725e-08
21.9	5.57915e-08	-5.11534e-08-5.11534e-08	4.67059e-08
22	5.06761e-08	-4.64828e-08-4.64828e-08	4.2461e-08
22.1	4.60279e-08	-4.22367e-08-4.22367e-08	3.85999e-08
22.2	4.18042e-08	-3.83767e-08-3.83767e-08	3.50881e-08
22.3	3.79665e-08	-3.48679e-08-3.48679e-08	3.18943e-08
22.4	3.44797e-08	-3.16784e-08-3.16784e-08	2.89897e-08
22.5	3.13119e-08	-2.87795e-08-2.87795e-08	2.63484e-08
22.6	2.84339e-08	-2.61446e-08-2.61446e-08	2.39465e-08
22.7	2.58195e-08	-2.375e-08-2.375e-08	2.17625e-08
22.8	2.34445e-08	-2.15737e-08-2.15737e-08	1.97768e-08
22.9	2.12871e-08	-1.9596e-08-1.9596e-08	1.79715e-08
23	1.93275e-08	-1.77989e-08-1.77989e-08	1.63301e-08
23.1	1.75476e-08	-1.61659e-08-1.61659e-08	1.4838e-08
23.2	1.5931e-08	-1.46821e-08-1.46821e-08	1.34816e-08
23.3	1.44628e-08	-1.33339e-08-1.33339e-08	1.22487e-08
23.4	1.31294e-08	-1.21091e-08-1.21091e-08	1.1128e-08
23.5	1.19185e-08	-1.09963e-08-1.09963e-08	1.01093e-08
23.6	1.08189e-08	-9.98533e-09-9.98533e-09	9.18357e-09
23.7	9.82035e-09	-9.06698e-09-9.06698e-09	8.34221e-09
23.8	8.91365e-09	-8.23276e-09-8.23276e-09	7.57761e-09
23.9	8.09038e-09	-7.47499e-09-7.47499e-09	6.88279e-09
24	7.34288e-09	-6.78672e-09-6.78672e-09	6.25141e-09
24.1	6.66421e-09	-6.16158e-09-6.16158e-09	5.67771e-09
24.2	6.04805e-09	-5.5938e-09-5.5938e-09	5.15645e-09
24.3	5.48867e-09	-5.07816e-09-5.07816e-09	4.68285e-09
24.4	4.98085e-09	-4.60987e-09-4.60987e-09	4.25258e-09
24.5	4.51987e-09	-4.18462e-09-4.18462e-09	3.86168e-09
24.6	4.1014e-09	-3.79845e-09-3.79845e-09	3.50657e-09
24.7	3.72156e-09	-3.44779e-09-3.44779e-09	3.184e-09
24.8	3.37678e-09	-3.12939e-09-3.12939e-09	2.89098e-09
24.9	3.06384e-09	-2.84029e-09-2.84029e-09	2.62482e-09
25	2.77981e-09	-2.57781e-09-2.57781e-09	2.38308e-09
25.1	2.52203e-09	-2.3395e-09-2.3395e-09	2.16352e-09
25.2	2.28808e-09	-2.12315e-09-2.12315e-09	1.96411e-09
25.3	2.07577e-09	-1.92674e-09-1.92674e-09	1.78301e-09
25.4	1.88309e-09	-1.74844e-09-1.74844e-09	1.61856e-09
25.5	1.70825e-09	-1.58658e-09-1.58658e-09	1.46921e-09
25.6	1.54959e-09	-1.43966e-09-1.43966e-09	1.3336e-09
25.7	1.40562e-09	-1.3063e-09-1.3063e-09	1.21046e-09
25.8	1.27499e-09	-1.18526e-09-1.18526e-09	1.09865e-09
25.9	1.15647e-09	-1.07539e-09-1.07539e-09	9.97131e-10
26	1.04893e-09	-9.75678e-10-9.75678e-10	9.04962e-10
26.1	9.51361e-10	-8.85181e-10-8.85181e-10	8.21284e-10
26.2	8.62843e-10	-8.03053e-10-8.03053e-10	7.45317e-10
26.3	7.82537e-10	-7.28521e-10-7.28521e-10	6.76354e-10
26.4	7.09685e-10	-6.60886e-10-6.60886e-10	6.1375e-10
26.5	6.43597e-10	-5.99511e-10-5.99511e-10	5.56922e-10
26.6	5.83646e-10	-5.43819e-10-5.43819e-10	5.05339e-10
26.7	5.29264e-10	-4.93285e-10-4.93285e-10	4.58519e-10
26.8	4.79935e-10	-4.47433e-10-4.47433e-10	4.16022e-10
26.9	4.35192e-10	-4.05831e-10-4.05831e-10	3.77452e-10
27	3.94609e-10	-3.68086e-10-3.68086e-10	3.42446e-10
27.1	3.578e-10	-3.33841e-10-3.33841e-10	3.10677e-10
27.2	3.24416e-10	-3.02773e-10-3.02773e-10	2.81846e-10
27.3	2.94139e-10	-2.74589e-10-2.74589e-10	2.55683e-10
27.4	2.6668e-10	-2.4902e-10-2.4902e-10	2.31941e-10
27.5	2.41778e-10	-2.25826e-10-2.25826e-10	2.10396e-10
27.6	2.19195e-10	-2.04787e-10-2.04787e-10	1.90848e-10
27.7	1.98717e-10	-1.85702e-10-1.85702e-10	1.7311e-10
27.8	1.80147e-10	-1.68391e-10-1.68391e-10	1.57016e-10
27.9	1.63308e-10	-1.52689e-10-1.52689e-10	1.42414e-10
28	1.48039e-10	-1.38448e-10-1.38448e-10	1.29166e-10
28.1	1.34194e-10	-1.25531e-10-1.25531e-10	1.17146e-10
28.2	1.21641e-10	-1.13817e-10-1.13817e-10	1.06243e-10
28.3	1.10259e-10	-1.03192e-10-1.03192e-10	9.63507e-11
28.4	9.99397e-11	-9.35574e-11-9.35574e-11	8.73773e-11
28.5	9.0584e-11	-8.48197e-11-8.48197e-11	7.92374e-11
28.6	8.2102e-11	-7.68959e-11-7.68959e-11	7.18537e-11
28.7	7.44124e-11	-6.97106e-11-6.97106e-11	6.51562e-11
28.8	6.74414e-11	-6.31949e-11-6.31949e-11	5.90812e-11
28.9	6.11219e-11	-5.72868e-11-5.72868e-11	5.35712e-11
29	5.53932e-11	-5.19297e-11-5.19297e-11	4.85737e-11
29.1	5.02002e-11	-4.70723e-11-4.70723e-11	4.40412e-11
29.2	4.5493e-11	-4.26682e-11-4.26682e-11	3.99305e-11
29.3	4.12262e-11	-3.86752e-11-3.86752e-11	3.62025e-11
29.4	3.73586e-11	-3.50549e-11-3.50549e-11	3.28217e-11
29.5	3.38532e-11	-3.17727e-11-3.17727e-11	2.97558e-11
29.6	3.06759e-11	-2.87972e-11-2.87972e-11	2.69756e-11
29.7	2.77962e-11	-2.60996e-11-2.60996e-11	2.44545e-11
29.8	2.51862e-11	-2.36542e-11-2.36542e-11	2.21684e-11
29.9	2.28208e-11	-2.14373e-11-2.14373e-11	2.00955e-11
30	2.06771e-11	-1.94278e-11-1.94278e-11	1.8216e-11
30.1	1.87343e-11	-1.76062e-11-1.76062e-11	1.65118e-11
30.2	1.69737e-11	-1.5955e-11-1.5955e-11	1.49667e-11
30.3	1.53782e-11	-1.44583e-11-1.44583e-11	1.35658e-11
30.4	1.39323e-11	-1.31017e-11-1.31017e-11	1.22958e-11
30.5	1.26222e-11	-1.18722e-11-1.18722e-11	1.11443e-11
30.6	1.14349e-11	-1.07577e-11-1.07577e-11	1.01005e-11
30.7	1.03592e-11	-9.74769e-12-9.74769e-12	9.15415e-12
30.8	9.3844e-12	-8.83228e-12-8.83228e-12	8.29629e-12
30.9	8.50117e-12	-8.00265e-12-8.00265e-12	7.51865e-12
31	7.7009e-12	-7.25078e-12-7.25078e-12	6.81373e-12
31.1	6.97582e-12	-6.56941e-12-6.56941e-12	6.17476e-12
31.2	6.31888e-12	-5.95193e-12-5.95193e-12	5.59557e-12
31.3	5.72369e-12	-5.39238e-12-5.39238e-12	5.07059e-12
31.4	5.18445e-12	-4.88532e-12-4.88532e-12	4.59476e-12
31.5	4.69592e-12	-4.42584e-12-4.42584e-12	4.16348e-12
31.6	4.25334e-12	-4.00949e-12-4.00949e-12	3.7726e-12
31.7	3.85239e-12	-3.63223e-12-3.63223e-12	3.41833e-12
31.8	3.48916e-12	-3.2904e-12-3.2904e-12	3.09726e-12
31.9	3.16012e-12	-2.98067e-12-2.98067e-12	2.80629e-12
32	2.86206e-12	-2.70005e-12-2.70005e-12	2.54259e-12
32.1	2.59205e-12	-2.44579e-12-2.44579e-12	2.30362e-12
32.2	2.34747e-12	-2.21542e-12-2.21542e-12	2.08707e-12
32.3	2.12593e-12	-2.00672e-12-2.00672e-12	1.89083e-12
32.4	1.92526e-12	-1.81763e-12-1.81763e-12	1.713e-12
32.5	1.74349e-12	-1.64633e-12-1.64633e-12	1.55187e-12
32.6	1.57886e-12	-1.49115e-12-1.49115e-12	1.40586e-12
32.7	1.42975e-12	-1.35056e-12-1.35056e-12	1.27356e-12
32.8	1.29469e-12	-1.22321e-12-1.22321e-12	1.15368e-12
32.9	1.17237e-12	-1.10784e-12-1.10784e-12	1.04507e-12
33	1.06159e-12	-1.00333e-12-1.00333e-12	9.46665e-13
33.1	9.61252e-13	-9.08664e-13-9.08664e-13	8.57506e-13
33.2	8.70386e-13	-8.22914e-13-8.22914e-13	7.76729e-13
33.3	7.88095e-13	-7.45241e-13-7.45241e-13	7.03546e-13
33.4	7.1357e-13	-6.74886e-13-6.74886e-13	6.37245e-13
33.5	6.46082e-13	-6.11162e-13-6.11162e-13	5.7718e-13
33.6	5.84966e-13	-5.53444e-13-5.53444e-13	5.22766e-13
33.7	5.29621e-13	-5.01167e-13-5.01167e-13	4.73473e-13
33.8	4.79504e-13	-4.5382e-13-4.5382e-13	4.28819e-13
33.9	4.34123e-13	-4.10938e-13-4.10938e-13	3.88369e-13
34	3.93029e-13	-3.72101e-13-3.72101e-13	3.51727e-13
34.1	3.55819e-13	-3.36928e-13-3.36928e-13	3.18537e-13
34.2	3.22126e-13	-3.05075e-13-3.05075e-13	2.88472e-13
34.3	2.91618e-13	-2.76227e-13-2.76227e-13	2.6124e-13
34.4	2.63996e-13	-2.50103e-13-2.50103e-13	2.36575e-13
34.5	2.38985e-13	-2.26446e-13-2.26446e-13	2.14234e-13
34.6	2.16341e-13	-2.05023e-13-2.05023e-13	1.93999e-13
34.7	1.95838e-13	-1.85623e-13-1.85623e-13	1.75672e-13
34.8	1.77276e-13	-1.68055e-13-1.68055e-13	1.59073e-13
34.9	1.60471e-13	-1.52148e-13-1.52148e-13	1.4404e-13
35	1.45256e-13	-1.37744e-13-1.37744e-13	1.30426e-13
35.1	1.31481e-13	-1.24702e-13-1.24702e-13	1.18096e-13
35.2	1.19011e-13	-1.12892e-13-1.12892e-13	1.06929e-13
35.3	1.07722e-13	-1.02199e-13-1.02199e-13	9.6817e-14
35.4	9.75021e-14	-9.25174e-14-9.25174e-14	8.76594e-14
35.5	8.82503e-14	-8.37514e-14-8.37514e-14	7.93666e-14
35.6	7.98752e-14	-7.58148e-14-7.58148e-14	7.1857e-14
35.7	7.22937e-14	-6.86291e-14-6.86291e-14	6.50568e-14
35.8	6.54308e-14	-6.21234e-14-6.21234e-14	5.88991e-14
35.9	5.92185e-14	-5.62335e-14-5.62335e-14	5.33233e-14
36	5.35951e-14	-5.09011e-14-5.09011e-14	4.82745e-14
36.1	4.8505e-14	-4.60737e-14-4.60737e-14	4.3703e-14
36.2	4.38976e-14	-4.17034e-14-4.17034e-14	3.95637e-14
36.3	3.97273e-14	-3.7747e-14-3.7747e-14	3.58158e-14
36.4	3.59526e-14	-3.41654e-14-3.41654e-14	3.24225e-14
36.5	3.2536e-14	-3.09232e-14-3.09232e-14	2.93501e-14
36.6	2.94437e-14	-2.79882e-14-2.79882e-14	2.65684e-14
36.7	2.66449e-14	-2.53313e-14-2.53313e-14	2.405e-14
36.8	2.41118e-14	-2.29263e-14-2.29263e-14	2.17699e-14
36.9	2.18191e-14	-2.07493e-14-2.07493e-14	1.97056e-14
37	1.97442e-14	-1.87788e-14-1.87788e-14	1.78368e-14
37.1	1.78663e-14	-1.69951e-14-1.69951e-14	1.6145e-14
37.2	1.61668e-14	-1.53806e-14-1.53806e-14	1.46134e-14
37.3	1.46288e-14	-1.39193e-14-1.39193e-14	1.32269e-14
37.4	1.32368e-14	-1.25966e-14-1.25966e-14	1.19717e-14
37.5	1.19772e-14	-1.13994e-14-1.13994e-14	1.08355e-14
37.6	1.08372e-14	-1.03159e-14-1.03159e-14	9.80695e-15
37.7	9.80565e-15	-9.33516e-15-9.33516e-15	8.87589e-15
37.8	8.87214e-15	-8.44757e-15-8.44757e-15	8.03311e-15
37.9	8.02738e-15	-7.64426e-15-7.64426e-15	7.27023e-15
38	7.26295e-15	-6.91723e-15-6.91723e-15	6.5797e-15
38.1	6.57123e-15	-6.25926e-15-6.25926e-15	5.95467e-15
38.2	5.9453e-15	-5.6638e-15-5.6638e-15	5.38892e-15
38.3	5.37892e-15	-5.1249e-15-5.1249e-15	4.87685e-15
38.4	4.86643e-15	-4.63722e-15-4.63722e-15	4.41338e-15
38.5	4.40271e-15	-4.19588e-15-4.19588e-15	3.99389e-15
38.6	3.98312e-15	-3.79649e-15-3.79649e-15	3.61421e-15
38.7	3.60347e-15	-3.43507e-15-3.43507e-15	3.27058e-15
38.8	3.25997e-15	-3.10801e-15-3.10801e-15	2.95958e-15
38.9	2.94917e-15	-2.81205e-15-2.81205e-15	2.67812e-15
39	2.66796e-15	-2.54424e-15-2.54424e-15	2.42338e-15
39.1	2.41354e-15	-2.3019e-15-2.3019e-15	2.19284e-15
39.2	2.18335e-15	-2.08262e-15-2.08262e-15	1.98421e-15
39.3	1.97508e-15	-1.8842e-15-1.8842e-15	1.7954e-15
39.4	1.78666e-15	-1.70466e-15-1.70466e-15	1.62453e-15
39.5	1.6162e-15	-1.54221e-15-1.54221e-15	1.4699e-15
39.6	1.46198e-15	-1.39522e-15-1.39522e-15	1.32997e-15
39.7	1.32246e-15	-1.26222e-15-1.26222e-15	1.20335e-15
39.8	1.19623e-15	-1.14188e-15-1.14188e-15	1.08876e-15
39.9	1.08204e-15	-1.03301e-15-1.03301e-15	9.85077e-16
40	9.78744e-16	-9.345e-16-9.345e-16	8.91252e-16
40.1	8.85294e-16	-8.45375e-16-8.45375e-16	8.06352e-16
40.2	8.00756e-16	-7.6474e-16-7.6474e-16	7.2953e-16
40.3	7.24282e-16	-6.91787e-16-6.91787e-16	6.60017e-16
40.4	6.55104e-16	-6.25785e-16-6.25785e-16	5.9712e-16
40.5	5.92525e-16	-5.66073e-16-5.66073e-16	5.40209e-16
40.6	5.35918e-16	-5.12052e-16-5.12052e-16	4.88716e-16
40.7	4.84713e-16	-4.63181e-16-4.63181e-16	4.42125e-16
40.8	4.38395e-16	-4.18968e-16-4.18968e-16	3.9997e-16
40.9	3.96498e-16	-3.78971e-16-3.78971e-16	3.6183e-16
41	3.58601e-16	-3.42788e-16-3.42788e-16	3.27323e-16
41.1	3.24322e-16	-3.10056e-16-3.10056e-16	2.96102e-16
41.2	2.93316e-16	-2.80446e-16-2.80446e-16	2.67856e-16
41.3	2.65272e-16	-2.5366e-16-2.5366e-16	2.42301e-16
41.4	2.39906e-16	-2.2943e-16-2.2943e-16	2.19182e-16
41.5	2.16963e-16	-2.07512e-16-2.07512e-16	1.98266e-16
41.6	1.96212e-16	-1.87685e-16-1.87685e-16	1.79343e-16
41.7	1.77443e-16	-1.69751e-16-1.69751e-16	1.62225e-16
41.8	1.60468e-16	-1.53528e-16-1.53528e-16	1.46738e-16
41.9	1.45115e-16	-1.38855e-16-1.38855e-16	1.32728e-16
42	1.3123e-16	-1.25582e-16-1.25582e-16	1.20055e-16
42.1	1.18671e-16	-1.13576e-16-1.13576e-16	1.0859e-16
42.2	1.07314e-16	-1.02717e-16-1.02717e-16	9.82186e-17
42.3	9.70421e-17	-9.28954e-17-9.28954e-17	8.88368e-17
42.4	8.77526e-17	-8.40117e-17-8.40117e-17	8.03502e-17
42.5	7.93514e-17	-7.59767e-17-7.59767e-17	7.26734e-17
42.6	7.17538e-17	-6.87093e-17-6.87093e-17	6.57292e-17
42.7	6.48828e-17	-6.21364e-17-6.21364e-17	5.94479e-17
42.8	5.86692e-17	-5.61916e-17-5.61916e-17	5.37661e-17
42.9	5.305e-17	-5.0815e-17-5.0815e-17	4.86269e-17
43	4.79685e-17	-4.59523e-17-4.59523e-17	4.39783e-17
43.1	4.33733e-17	-4.15545e-17-4.15545e-17	3.97737e-17
43.2	3.92178e-17	-3.75771e-17-3.75771e-17	3.59706e-17
43.3	3.54601e-17	-3.39801e-17-3.39801e-17	3.25308e-17
43.4	3.20621e-17	-3.0727e-17-3.0727e-17	2.94195e-17
43.5	2.89894e-17	-2.7785e-17-2.7785e-17	2.66056e-17
43.6	2.62109e-17	-2.51245e-17-2.51245e-17	2.40605e-17
43.7	2.36985e-17	-2.27184e-17-2.27184e-17	2.17586e-17
43.8	2.14266e-17	-2.05426e-17-2.05426e-17	1.96767e-17
43.9	1.93724e-17	-1.85749e-17-1.85749e-17	1.77938e-17
44	1.75149e-17	-1.67955e-17-1.67955e-17	1.60909e-17
44.1	1.58353e-17	-1.51864e-17-1.51864e-17	1.45508e-17
44.2	1.43167e-17	-1.37314e-17-1.37314e-17	1.3158e-17
44.3	1.29436e-17	-1.24156e-17-1.24156e-17	1.18983e-17
44.4	1.1702e-17	-1.12257e-17-1.12257e-17	1.07591e-17
44.5	1.05794e-17	-1.01498e-17-1.01498e-17	9.72891e-18
44.6	9.56444e-18	-9.17693e-18-9.17693e-18	8.79724e-18
44.7	8.64675e-18	-8.29721e-18-8.29721e-18	7.9547e-18
44.8	7.81703e-18	-7.50174e-18-7.50174e-18	7.19278e-18
44.9	7.06685e-18	-6.78246e-18-6.78246e-18	6.50376e-18
45	6.38861e-18	-6.13208e-18-6.13208e-18	5.88069e-18
45.1	5.7754e-18	-5.54401e-18-5.54401e-18	5.31724e-18
45.2	5.221e-18	-5.01229e-18-5.01229e-18	4.80774e-18
45.3	4.71977e-18	-4.53151e-18-4.53151e-18	4.347e-18
45.4	4.26662e-18	-4.09681e-18-4.09681e-18	3.93038e-18
45.5	3.85693e-18	-3.70378e-18-3.70378e-18	3.55365e-18
45.6	3.48656e-18	-3.34841e-18-3.34841e-18	3.21299e-18
45.7	3.15172e-18	-3.02711e-18-3.02711e-18	2.90496e-18
45.8	2.849e-18	-2.73662e-18-2.73662e-18	2.62644e-18
45.9	2.57534e-18	-2.47397e-18-2.47397e-18	2.37459e-18
46	2.32795e-18	-2.23651e-18-2.23651e-18	2.14687e-18
46.1	2.10429e-18	-2.02183e-18-2.02183e-18	1.94097e-18
46.2	1.90211e-18	-1.82773e-18-1.82773e-18	1.7548e-18
46.3	1.71934e-18	-1.65225e-18-1.65225e-18	1.58647e-18
46.4	1.55411e-18	-1.4936e-18-1.4936e-18	1.43427e-18
46.5	1.40475e-18	-1.35018e-18-1.35018e-18	1.29666e-18
46.6	1.26974e-18	-1.22051e-18-1.22051e-18	1.17224e-18
46.7	1.14768e-18	-1.10329e-18-1.10329e-18	1.05975e-18
46.8	1.03736e-18	-9.97313e-19-9.97313e-19	9.5804e-19
46.9	9.37625e-19	-9.01509e-19-9.01509e-19	8.66086e-19
47	8.47474e-19	-8.149e-19-8.149e-19	7.82951e-19
47.1	7.65984e-19	-7.36605e-19-7.36605e-19	7.07788e-19
47.2	6.92323e-19	-6.65826e-19-6.65826e-19	6.39835e-19
47.3	6.25741e-19	-6.01843e-19-6.01843e-19	5.784e-19
47.4	5.65556e-19	-5.44003e-19-5.44003e-19	5.22859e-19
47.5	5.11156e-19	-4.91717e-19-4.91717e-19	4.72646e-19
47.6	4.61984e-19	-4.44452e-19-4.44452e-19	4.27252e-19
47.7	4.17539e-19	-4.01727e-19-4.01727e-19	3.86214e-19
47.8	3.77366e-19	-3.63106e-19-3.63106e-19	3.49114e-19
47.9	3.41056e-19	-3.28194e-19-3.28194e-19	3.15575e-19
48	3.08236e-19	-2.96637e-19-2.96637e-19	2.85255e-19
48.1	2.78573e-19	-2.68111e-19-2.68111e-19	2.57846e-19
48.2	2.51761e-19	-2.42327e-19-2.42327e-19	2.33068e-19
48.3	2.27529e-19	-2.1902e-19-2.1902e-19	2.1067e-19
48.4	2.05627e-19	-1.97953e-19-1.97953e-19	1.90422e-19
48.5	1.85831e-19	-1.78911e-19-1.78911e-19	1.72119e-19
48.6	1.6794e-19	-1.61699e-19-1.61699e-19	1.55573e-19
48.7	1.51771e-19	-1.46142e-19-1.46142e-19	1.40617e-19
48.8	1.37156e-19	-1.3208e-19-1.3208e-19	1.27097e-19
48.9	1.23948e-19	-1.1937e-19-1.1937e-19	1.14876e-19
49	1.12011e-19	-1.07883e-19-1.07883e-19	1.0383e-19
49.1	1.01223e-19	-9.74996e-20-9.74996e-20	9.38445e-20
49.2	9.14731e-20	-8.81152e-20-8.81152e-20	8.48187e-20
49.3	8.26616e-20	-7.96333e-20-7.96333e-20	7.66604e-20
49.4	7.46982e-20	-7.19673e-20-7.19673e-20	6.92861e-20
49.5	6.75015e-20	-6.50387e-20-6.50387e-20	6.26206e-20
49.6	6.09976e-20	-5.87766e-20-5.87766e-20	5.65959e-20
49.7	5.512e-20	-5.3117e-20-5.3117e-20	5.11503e-20
49.8	4.98083e-20	-4.8002e-20-4.8002e-20	4.62283e-20
49.9	4.50081e-20	-4.33792e-20-4.33792e-20	4.17796e-20
