0	0.995004	-0.0998333	0t-1
0.1	0.980067	-0.198669	-0.0998333t-0.995004
0.2	0.955337	-0.29552	-0.198669t-0.980067
0.3	0.921061	-0.389418	-0.29552t-0.955337
0.4	0.877583	-0.479425	-0.389418t-0.921061
0.5	0.825336	-0.564642	-0.479425t-0.877583
0.6	0.764843	-0.644217	-0.564642t-0.825336
0.7	0.696707	-0.717356	-0.644217t-0.764843
0.8	0.621611	-0.783326	-0.717356t-0.696707
0.9	0.540303	-0.84147	-0.783326t-0.621611
1	0.453597	-0.891207	-0.84147t-0.540303
1.1	0.362359	-0.932039	-0.891207t-0.453597
1.2	0.2675	-0.963558	-0.932039t-0.362359
1.3	0.169968	-0.985449	-0.963558t-0.2675
1.4	0.0707384	-0.997495	-0.985449t-0.169968
1.5	-0.0291982	-0.999574	-0.997495t-0.0707384
1.6	-0.128843	-0.991665	-0.999574t0.0291982
1.7	-0.227201	-0.973848	-0.991665t0.128843
1.8	-0.323288	-0.9463	-0.973848t0.227201
1.9	-0.416145	-0.909298	-0.9463t0.323288
2	-0.504845	-0.86321	-0.909298t0.416145
2.1	-0.5885	-0.808497	-0.86321t0.504845
2.2	-0.666274	-0.745706	-0.808497t0.5885
2.3	-0.737392	-0.675465	-0.745706t0.666274
2.4	-0.801142	-0.598474	-0.675465t0.737392
2.5	-0.856887	-0.515503	-0.598474t0.801142
2.6	-0.904071	-0.427382	-0.515503t0.856887
2.7	-0.942221	-0.33499	-0.427382t0.904071
2.8	-0.970957	-0.239252	-0.33499t0.942221
2.9	-0.989992	-0.141122	-0.239252t0.970957
3	-0.999135	-0.0415832	-0.141122t0.989992
3.1	-0.998295	0.0583715	-0.0415832t0.999135
3.2	-0.98748	0.157743	0.0583715t0.998295
3.3	-0.966799	0.255538	0.157743t0.98748
3.4	-0.936457	0.35078	0.255538t0.966799
3.5	-0.89676	0.442518	0.35078t0.936457
3.6	-0.848101	0.529833	0.442518t0.89676
3.7	-0.790969	0.611855	0.529833t0.848101
3.8	-0.725934	0.687764	0.611855t0.790969
3.9	-0.653646	0.7568	0.687764t0.725934
4	-0.574827	0.818275	0.7568t0.653646
4.1	-0.490264	0.871574	0.818275t0.574827
4.2	-0.400802	0.916164	0.871574t0.490264
4.3	-0.307336	0.951601	0.916164t0.400802
4.4	-0.210799	0.977529	0.951601t0.307336
4.5	-0.112156	0.99369	0.977529t0.210799
4.6	-0.0123926	0.999923	0.99369t0.112156
4.7	0.087495	0.996165	0.999923t0.0123926
4.8	0.186508	0.982453	0.996165t-0.087495
4.9	0.283658	0.958925	0.982453t-0.186508
5	0.377974	0.925816	0.958925t-0.283658
5.1	0.468513	0.883456	0.925816t-0.377974
5.2	0.55437	0.83227	0.883456t-0.468513
5.3	0.634689	0.772767	0.83227t-0.55437
5.4	0.708666	0.705543	0.772767t-0.634689
5.5	0.775563	0.63127	0.705543t-0.708666
5.6	0.83471	0.550689	0.63127t-0.775563
5.7	0.885517	0.464606	0.550689t-0.83471
5.8	0.927476	0.373881	0.464606t-0.885517
5.9	0.960168	0.27942	0.373881t-0.927476
6	0.983267	0.182167	0.27942t-0.960168
6.1	0.996541	0.0830945	0.182167t-0.983267
6.2	0.999858	-0.0168087	0.0830945t-0.996541
6.3	0.993185	-0.116544	-0.0168087t-0.999858
6.4	0.976588	-0.215115	-0.116544t-0.993185
6.5	0.950234	-0.311536	-0.215115t-0.976588
6.6	0.914385	-0.404845	-0.311536t-0.950234
6.7	0.8694	-0.494108	-0.404845t-0.914385
6.8	0.815728	-0.578435	-0.494108t-0.8694
6.9	0.753906	-0.656982	-0.578435t-0.815728
7	0.684551	-0.728965	-0.656982t-0.753906
7.1	0.608356	-0.793664	-0.728965t-0.684551
7.2	0.526082	-0.850433	-0.793664t-0.608356
7.3	0.438553	-0.898705	-0.850433t-0.526082
7.4	0.346641	-0.937997	-0.898705t-0.438553
7.5	0.251266	-0.967918	-0.937997t-0.346641
7.6	0.15338	-0.988167	-0.967918t-0.251266
7.7	0.0539619	-0.998542	-0.988167t-0.15338
7.8	-0.0459955	-0.998941	-0.998542t-0.0539619
7.9	-0.145493	-0.989359	-0.998941t0.0459955
8	-0.243537	-0.969891	-0.989359t0.145493
8.1	-0.339148	-0.940732	-0.969891t0.243537
8.2	-0.43137	-0.902174	-0.940732t0.339148
8.3	-0.519282	-0.854602	-0.902174t0.43137
8.4	-0.602006	-0.798491	-0.854602t0.519282
8.5	-0.678714	-0.734402	-0.798491t0.602006
8.6	-0.748641	-0.662974	-0.734402t0.678714
8.7	-0.811088	-0.584923	-0.662974t0.748641
8.8	-0.865431	-0.501027	-0.584923t0.811088
8.9	-0.911127	-0.412125	-0.501027t0.865431
9	-0.947719	-0.319105	-0.412125t0.911127
9.1	-0.974841	-0.222897	-0.319105t0.947719
9.2	-0.992224	-0.124462	-0.222897t0.974841
9.3	-0.999692	-0.0247832	-0.124462t0.992224
9.4	-0.997172	0.0751432	-0.0247832t0.999692
9.5	-0.984689	0.174319	0.0751432t0.997172
9.6	-0.962366	0.271753	0.174319t0.984689
9.7	-0.930429	0.366471	0.271753t0.962366
9.8	-0.889194	0.457528	0.366471t0.930429
9.9	-0.839075	0.544014	0.457528t0.889194
10	-0.780573	0.625064	0.544014t0.839075
10.1	-0.714271	0.699868	0.625064t0.780573
10.2	-0.640833	0.76768	0.699868t0.714271
10.3	-0.560991	0.827821	0.76768t0.640833
10.4	-0.475544	0.879691	0.827821t0.560991
10.5	-0.385346	0.922771	0.879691t0.475544
10.6	-0.291298	0.956632	0.922771t0.385346
10.7	-0.194339	0.980934	0.956632t0.291298
10.8	-0.0954378	0.995435	0.980934t0.194339
10.9	0.00441656	0.999989	0.995435t0.0954378
11	0.104227	0.994553	0.999989t-0.00441656
11.1	0.202996	0.979179	0.994553t-0.104227
11.2	0.299736	0.954021	0.979179t-0.202996
11.3	0.393482	0.919332	0.954021t-0.299736
11.4	0.483296	0.875456	0.919332t-0.393482
11.5	0.568281	0.822833	0.875456t-0.483296
11.6	0.647588	0.761989	0.822833t-0.568281
11.7	0.720425	0.693532	0.761989t-0.647588
11.8	0.786064	0.618144	0.693532t-0.720425
11.9	0.843848	0.536581	0.618144t-0.786064
12	0.893201	0.449656	0.536581t-0.843848
12.1	0.933629	0.358238	0.449656t-0.893201
12.2	0.964729	0.263241	0.358238t-0.933629
12.3	0.98619	0.165614	0.263241t-0.964729
12.4	0.997797	0.0663322	0.165614t-0.98619
12.5	0.999434	-0.0336126	0.0663322t-0.997797
12.6	0.991085	-0.133221	-0.0336126t-0.999434
12.7	0.972834	-0.231499	-0.133221t-0.991085
12.8	0.944863	-0.327464	-0.231499t-0.972834
12.9	0.90745	-0.420157	-0.327464t-0.944863
13	0.860971	-0.508652	-0.420157t-0.90745
13.1	0.80589	-0.592064	-0.508652t-0.860971
13.2	0.742756	-0.669561	-0.592064t-0.80589
13.3	0.672201	-0.740368	-0.669561t-0.742756
13.4	0.594929	-0.803777	-0.740368t-0.672201
13.5	0.511713	-0.859155	-0.803777t-0.594929
13.6	0.423384	-0.905949	-0.859155t-0.511713
13.7	0.330825	-0.943691	-0.905949t-0.423384
13.8	0.234961	-0.972004	-0.943691t-0.330825
13.9	0.136749	-0.990605	-0.972004t-0.234961
14	0.03717	-0.999308	-0.990605t-0.136749
14.1	-0.0627799	-0.998026	-0.999308t-0.03717
14.2	-0.162103	-0.986773	-0.998026t0.0627799
14.3	-0.259806	-0.96566	-0.986773t0.162103
14.4	-0.354913	-0.934898	-0.96566t0.259806
14.5	-0.446474	-0.894796	-0.934898t0.354913
14.6	-0.533574	-0.845752	-0.894796t0.446474
14.7	-0.615342	-0.788259	-0.845752t0.533574
14.8	-0.690963	-0.722889	-0.788259t0.615342
14.9	-0.759679	-0.650297	-0.722889t0.690963
15	-0.820805	-0.571207	-0.650297t0.759679
15.1	-0.87373	-0.486409	-0.571207t0.820805
15.2	-0.917925	-0.396752	-0.486409t0.87373
15.3	-0.952948	-0.30313	-0.396752t0.917925
15.4	-0.97845	-0.20648	-0.30313t0.952948
15.5	-0.994175	-0.107766	-0.20648t0.97845
15.6	-0.999967	-0.00797621	-0.107766t0.994175
15.7	-0.995768	0.0918937	-0.00797621t0.999967
15.8	-0.981619	0.190845	0.0918937t0.995768
15.9	-0.957662	0.28789	0.190845t0.981619
16	-0.924137	0.382059	0.28789t0.957662
16.1	-0.881378	0.47241	0.382059t0.924137
16.2	-0.829812	0.55804	0.47241t0.881378
16.3	-0.769956	0.638095	0.55804t0.829812
16.4	-0.702406	0.711775	0.638095t0.769956
16.5	-0.627838	0.778343	0.711775t0.702406
16.6	-0.546997	0.837133	0.778343t0.627838
16.7	-0.46069	0.88756	0.837133t0.546997
16.8	-0.369781	0.929118	0.88756t0.46069
16.9	-0.275177	0.961392	0.929118t0.369781
17	-0.177823	0.984061	0.961392t0.275177
17.1	-0.0786923	0.996898	0.984061t0.177823
17.2	0.0212244	0.999774	0.996898t0.0786923
17.3	0.120929	0.99266	0.999774t-0.0212244
17.4	0.219426	0.975628	0.99266t-0.120929
17.5	0.31573	0.948848	0.975628t-0.219426
17.6	0.408879	0.912587	0.948848t-0.31573
17.7	0.497943	0.867208	0.912587t-0.408879
17.8	0.582031	0.813165	0.867208t-0.497943
17.9	0.660305	0.750996	0.813165t-0.582031
18	0.73198	0.681324	0.750996t-0.660305
18.1	0.796342	0.604844	0.681324t-0.73198
18.2	0.852748	0.522321	0.604844t-0.796342
18.3	0.900632	0.434579	0.522321t-0.852748
18.4	0.939518	0.342495	0.434579t-0.900632
18.5	0.969017	0.246988	0.342495t-0.939518
18.6	0.988834	0.149014	0.246988t-0.969017
18.7	0.99877	0.0495512	0.149014t-0.988834
18.8	0.998727	-0.0504069	0.0495512t-0.99877
18.9	0.988706	-0.149861	-0.0504069t-0.998727
19	0.968805	-0.247819	-0.149861t-0.988706
19.1	0.939225	-0.343299	-0.247819t-0.968805
19.2	0.90026	-0.43535	-0.343299t-0.939225
19.3	0.8523	-0.523051	-0.43535t-0.90026
19.4	0.795824	-0.605526	-0.523051t-0.8523
19.5	0.731396	-0.681951	-0.605526t-0.795824
19.6	0.659661	-0.751562	-0.681951t-0.731396
19.7	0.581334	-0.813663	-0.751562t-0.659661
19.8	0.497199	-0.867635	-0.813663t-0.581334
19.9	0.408097	-0.912937	-0.867635t-0.497199
