0 1.987 1.24457 3.13369 -31.3298 
0.01 1.987 1.27436 2.97887 -30.7627 
0.02 1.987 1.30263 2.82685 -30.2059 
0.03 1.987 1.3294 2.67759 -29.6592 
0.04 1.987 1.35471 2.53102 -29.1223 
0.05 1.987 1.37859 2.38711 -28.5952 
0.06 1.987 1.40104 2.2458 -28.0776 
0.07 1.987 1.42211 2.10706 -27.5694 
0.08 1.987 1.44182 1.97082 -27.0704 
0.09 1.987 1.46019 1.83705 -26.5805 
0.1 1.987 1.47725 1.7057 -26.0994 
0.11 1.987 1.49302 1.57672 -25.627 
0.12 1.987 1.50752 1.45008 -25.1631 
0.13 1.987 1.52078 1.32574 -24.7077 
0.14 1.987 1.53281 1.20364 -24.2604 
0.15 1.987 1.54365 1.08376 -23.8213 
0.16 1.987 1.55331 0.966039 -23.3902 
0.17 1.987 1.56181 0.850454 -22.9668 
0.18 1.987 1.56918 0.736961 -22.5511 
0.19 1.987 1.57544 0.625522 -22.1429 
0.2 1.987 1.5806 0.5161 -21.7421 
0.21 1.987 1.58469 0.408658 -21.3486 
0.22 1.987 1.58772 0.303162 -20.9622 
0.23 1.987 1.58971 0.199575 -20.5828 
0.24 1.987 1.59069 0.0978622 -20.2102 
0.25 1.987 1.59067 -0.00200906 -19.8444 
0.26 1.987 1.58967 -0.100073 -19.4852 
0.27 1.987 1.58771 -0.196361 -19.1326 
0.28 1.987 1.5848 -0.290907 -18.7863 
0.29 1.987 1.58096 -0.383742 -18.4462 
0.3 1.987 1.57621 -0.474896 -18.1124 
0.31 1.987 1.57057 -0.5644 -17.7845 
0.32 1.987 1.56405 -0.652285 -17.4626 
0.33 1.987 1.55666 -0.738578 -17.1465 
0.34 1.987 1.54843 -0.82331 -16.8362 
0.35 1.987 1.53936 -0.906508 -16.5315 
0.36 1.987 1.52948 -0.9882 -16.2322 
0.37 1.987 1.5188 -1.06841 -15.9384 
0.38 1.987 1.50732 -1.14718 -15.65 
0.39 1.987 1.49508 -1.22451 -15.3667 
0.4 1.987 1.48207 -1.30045 -15.0885 
0.41 1.987 1.46832 -1.37501 -14.8154 
0.42 1.987 1.45384 -1.44822 -14.5473 
0.43 1.987 1.43864 -1.52011 -14.284 
0.44 1.987 1.42273 -1.5907 -14.0254 
0.45 1.987 1.40613 -1.66 -13.7716 
0.46 1.987 1.38885 -1.72806 -13.5223 
0.47 1.987 1.3709 -1.79488 -13.2776 
0.48 1.987 1.3523 -1.86049 -13.0372 
0.49 1.987 1.33305 -1.92492 -12.8013 
0.5 1.987 1.31317 -1.98818 -12.5696 
0.51 1.987 1.29267 -2.05029 -12.3421 
0.52 1.987 1.27155 -2.11128 -12.1187 
0.53 1.987 1.24984 -2.17117 -11.8993 
0.54 1.987 1.22754 -2.22997 -11.6839 
0.55 1.987 1.20466 -2.28771 -11.4725 
0.56 1.987 1.18122 -2.3444 -11.2648 
0.57 1.987 1.15722 -2.40006 -11.0609 
0.58 1.987 1.13267 -2.45472 -10.8607 
0.59 1.987 1.10759 -2.50839 -10.6641 
0.6 1.987 1.08198 -2.56109 -10.4711 
0.61 1.987 1.05585 -2.61284 -10.2816 
0.62 1.987 1.02921 -2.66364 -10.0955 
0.63 1.987 1.00208 -2.71353 -9.91276 
0.64 1.987 0.974453 -2.76252 -9.73334 
0.65 1.987 0.946346 -2.81061 -9.55716 
0.66 1.987 0.917768 -2.85784 -9.38418 
0.67 1.987 0.888726 -2.90422 -9.21432 
0.68 1.987 0.859228 -2.94975 -9.04755 
0.69 1.987 0.829284 -2.99446 -8.88379 
0.7 1.987 0.7989 -3.03836 -8.72299 
0.71 1.987 0.768086 -3.08146 -8.5651 
0.72 1.987 0.736848 -3.12379 -8.41007 
0.73 1.987 0.705194 -3.16535 -8.25785 
0.74 1.987 0.673133 -3.20616 -8.10838 
0.75 1.987 0.64067 -3.24623 -7.96162 
0.76 1.987 0.607815 -3.28557 -7.81752 
0.77 1.987 0.574573 -3.3242 -7.67602 
0.78 1.987 0.540951 -3.36213 -7.53708 
0.79 1.987 0.506958 -3.39938 -7.40066 
0.8 1.987 0.472598 -3.43595 -7.26671 
0.81 1.987 0.437879 -3.47186 -7.13518 
0.82 1.987 0.402808 -3.50712 -7.00604 
0.83 1.987 0.367391 -3.54174 -6.87923 
0.84 1.987 0.331634 -3.57573 -6.75471 
0.85 1.987 0.295542 -3.60911 -6.63245 
0.86 1.987 0.259124 -3.64189 -6.51241 
0.87 1.987 0.222383 -3.67407 -6.39453 
0.88 1.987 0.185326 -3.70567 -6.27879 
0.89 1.987 0.147959 -3.7367 -6.16514 
0.9 1.987 0.110288 -3.76716 -6.05356 
0.91 1.987 0.0723169 -3.79708 -5.94399 
0.92 1.987 0.0340524 -3.82645 -5.8364 
0.93 1.987 -0.00450051 -3.85529 -5.73076 
0.94 1.987 -0.0433366 -3.88361 -5.62703 
0.95 1.987 -0.0824508 -3.91142 -5.52518 
0.96 1.987 -0.121838 -3.93872 -5.42518 
0.97 1.987 -0.161493 -3.96553 -5.32698 
0.98 1.987 -0.201412 -3.99185 -5.23056 
0.99 1.987 -0.241589 -4.0177 -5.13589 
1 1.987 -0.28202 -4.04308 -5.04293 
1.01 1.987 -0.3227 -4.068 -4.95165 
1.02 1.987 -0.363624 -4.09247 -4.86203 
1.03 1.987 -0.404789 -4.1165 -4.77403 
1.04 1.987 -0.44619 -4.14009 -4.68762 
1.05 1.987 -0.487823 -4.16325 -4.60277 
1.06 1.987 -0.529683 -4.186 -4.51946 
1.07 1.987 -0.571766 -4.20833 -4.43766 
1.08 1.987 -0.614068 -4.23026 -4.35734 
1.09 1.987 -0.656586 -4.25179 -4.27847 
1.1 1.987 -0.699316 -4.27293 -4.20103 
1.11 1.987 -0.742253 -4.29369 -4.12499 
1.12 1.987 -0.785393 -4.31408 -4.05033 
1.13 1.987 -0.828734 -4.33409 -3.97702 
1.14 1.987 -0.872272 -4.35375 -3.90503 
1.15 1.987 -0.916002 -4.37304 -3.83435 
1.16 1.987 -0.959922 -4.39199 -3.76495 
1.17 1.987 -1.00403 -4.4106 -3.6968 
1.18 1.987 -1.04832 -4.42886 -3.62989 
1.19 1.987 -1.09278 -4.4468 -3.56419 
1.2 1.987 -1.13743 -4.46441 -3.49968 
1.21 1.987 -1.18225 -4.48171 -3.43634 
1.22 1.987 -1.22723 -4.49869 -3.37414 
1.23 1.987 -1.27239 -4.51536 -3.31307 
1.24 1.987 -1.3177 -4.53174 -3.2531 
1.25 1.987 -1.36318 -4.54781 -3.19422 
1.26 1.987 -1.40882 -4.5636 -3.1364 
1.27 1.987 -1.45461 -4.57909 -3.07963 
1.28 1.987 -1.50055 -4.59431 -3.02389 
1.29 1.987 -1.54664 -4.60926 -2.96916 
1.3 1.987 -1.59288 -4.62393 -2.91542 
1.31 1.987 -1.63927 -4.63834 -2.86265 
1.32 1.987 -1.68579 -4.65248 -2.81084 
1.33 1.987 -1.73246 -4.66637 -2.75996 
1.34 1.987 -1.77926 -4.68001 -2.71 
1.35 1.987 -1.82619 -4.6934 -2.66095 
1.36 1.987 -1.87326 -4.70655 -2.61279 
1.37 1.987 -1.92045 -4.71946 -2.5655 
1.38 1.987 -1.96777 -4.73214 -2.51906 
1.39 1.987 -2.01522 -4.74459 -2.47347 
1.4 1.987 -2.06279 -4.75681 -2.4287 
1.41 1.987 -2.11047 -4.76881 -2.38474 
1.42 1.987 -2.15828 -4.7806 -2.34157 
1.43 1.987 -2.2062 -4.79217 -2.29919 
1.44 1.987 -2.25424 -4.80353 -2.25758 
1.45 1.987 -2.30238 -4.81469 -2.21671 
1.46 1.987 -2.35064 -4.82564 -2.17659 
1.47 1.987 -2.399 -4.8364 -2.1372 
1.48 1.987 -2.44747 -4.84696 -2.09851 
1.49 1.987 -2.49605 -4.85733 -2.06053 
1.5 1.987 -2.54472 -4.86751 -2.02323 
1.51 1.987 -2.5935 -4.87751 -1.98661 
1.52 1.987 -2.64237 -4.88733 -1.95066 
1.53 1.987 -2.69134 -4.89697 -1.91535 
1.54 1.987 -2.7404 -4.90643 -1.88068 
1.55 1.987 -2.78956 -4.91572 -1.84664 
1.56 1.987 -2.83881 -4.92485 -1.81322 
1.57 1.987 -2.88815 -4.93381 -1.7804 
1.58 1.987 -2.93757 -4.94261 -1.74817 
1.59 1.987 -2.98709 -4.95125 -1.71653 
1.6 1.987 -3.03668 -4.95973 -1.68546 
1.61 1.987 -3.08636 -4.96806 -1.65495 
1.62 1.987 -3.13613 -4.97624 -1.625 
1.63 1.987 -3.18597 -4.98427 -1.59559 
1.64 1.987 -3.23589 -4.99215 -1.56671 
1.65 1.987 -3.28589 -4.99989 -1.53835 
1.66 1.987 -3.33596 -5.00749 -1.51051 
1.67 1.987 -3.38611 -5.01496 -1.48317 
1.68 1.987 -3.43634 -5.02229 -1.45632 
1.69 1.987 -3.48663 -5.02948 -1.42996 
1.7 1.987 -3.537 -5.03655 -1.40408 
1.71 1.987 -3.58743 -5.04349 -1.37866 
1.72 1.987 -3.63794 -5.0503 -1.35371 
1.73 1.987 -3.68851 -5.05699 -1.32921 
1.74 1.987 -3.73914 -5.06356 -1.30515 
1.75 1.987 -3.78984 -5.07001 -1.28153 
1.76 1.987 -3.8406 -5.07634 -1.25833 
1.77 1.987 -3.89143 -5.08256 -1.23556 
1.78 1.987 -3.94232 -5.08867 -1.21319 
1.79 1.987 -3.99326 -5.09466 -1.19123 
1.8 1.987 -4.04427 -5.10055 -1.16967 
1.81 1.987 -4.09533 -5.10633 -1.1485 
1.82 1.987 -4.14645 -5.112 -1.12771 
1.83 1.987 -4.19763 -5.11758 -1.1073 
1.84 1.987 -4.24886 -5.12305 -1.08726 
1.85 1.987 -4.30014 -5.12842 -1.06758 
1.86 1.987 -4.35148 -5.1337 -1.04826 
1.87 1.987 -4.40287 -5.13888 -1.02928 
1.88 1.987 -4.45431 -5.14396 -1.01065 
1.89 1.987 -4.5058 -5.14896 -0.99236 
1.9 1.987 -4.55734 -5.15386 -0.974398 
1.91 1.987 -4.60892 -5.15868 -0.956762 
1.92 1.987 -4.66056 -5.1634 -0.939444 
1.93 1.987 -4.71224 -5.16805 -0.92244 
1.94 1.987 -4.76396 -5.17261 -0.905744 
1.95 1.987 -4.81573 -5.17708 -0.88935 
1.96 1.987 -4.86755 -5.18148 -0.873253 
1.97 1.987 -4.91941 -5.18579 -0.857447 
1.98 1.987 -4.97131 -5.19003 -0.841927 
1.99 1.987 -5.02325 -5.19419 -0.826688 
2 1.987 -5.07523 -5.19827 -0.811725 
2.01 1.987 -5.12725 -5.20229 -0.797033 
2.02 1.987 -5.17932 -5.20622 -0.782607 
2.03 1.987 -5.23142 -5.21009 -0.768442 
2.04 1.987 -5.28356 -5.21389 -0.754533 
2.05 1.987 -5.33573 -5.21762 -0.740876 
2.06 1.987 -5.38795 -5.22128 -0.727466 
2.07 1.987 -5.44019 -5.22487 -0.714299 
2.08 1.987 -5.49248 -5.2284 -0.70137 
2.09 1.987 -5.5448 -5.23187 -0.688675 
2.1 1.987 -5.59715 -5.23527 -0.67621 
2.11 1.987 -5.64954 -5.23861 -0.663971 
2.12 1.987 -5.70196 -5.24189 -0.651953 
2.13 1.987 -5.75441 -5.24512 -0.640153 
2.14 1.987 -5.80689 -5.24828 -0.628566 
2.15 1.987 -5.8594 -5.25139 -0.617189 
2.16 1.987 -5.91195 -5.25444 -0.606018 
2.17 1.987 -5.96452 -5.25743 -0.595049 
2.18 1.987 -6.01713 -5.26037 -0.584278 
2.19 1.987 -6.06976 -5.26326 -0.573703 
2.2 1.987 -6.12242 -5.26609 -0.563319 
2.21 1.987 -6.17511 -5.26888 -0.553123 
2.22 1.987 -6.22782 -5.27161 -0.543111 
2.23 1.987 -6.28057 -5.27429 -0.533281 
2.24 1.987 -6.33334 -5.27693 -0.523629 
2.25 1.987 -6.38613 -5.27952 -0.514151 
2.26 1.987 -6.43895 -5.28206 -0.504845 
2.27 1.987 -6.4918 -5.28455 -0.495707 
2.28 1.987 -6.54467 -5.287 -0.486735 
2.29 1.987 -6.59756 -5.28941 -0.477925 
2.3 1.987 -6.65048 -5.29177 -0.469274 
2.31 1.987 -6.70342 -5.29409 -0.460781 
2.32 1.987 -6.75638 -5.29637 -0.45244 
2.33 1.987 -6.80937 -5.2986 -0.444251 
2.34 1.987 -6.86238 -5.3008 -0.43621 
