0 1.987	1.24161	3.16095	-19.4925	
0.01 1.987	1.27224	3.06285	-19.4925	
0.02 1.987	1.30189	2.96475	-19.4925	
0.03 1.987	1.33055	2.86665	-19.4925	
0.04 1.987	1.35824	2.76855	-19.4925	
0.05 1.987	1.38494	2.67045	-19.4925	
0.06 1.987	1.41067	2.57235	-19.4925	
0.07 1.987	1.43541	2.47425	-19.4925	
0.08 1.987	1.45917	2.37615	-19.4925	
0.09 1.987	1.48195	2.27805	-19.4925	
0.1 1.987	1.50375	2.17995	-19.4925	
0.11 1.987	1.52457	2.08185	-19.4925	
0.12 1.987	1.54441	1.98375	-19.4925	
0.13 1.987	1.56326	1.88565	-19.4925	
0.14 1.987	1.58114	1.78755	-19.4925	
0.15 1.987	1.59803	1.68945	-19.4925	
0.16 1.987	1.61395	1.59135	-19.4925	
0.17 1.987	1.62888	1.49325	-19.4925	
0.18 1.987	1.64283	1.39515	-19.4925	
0.19 1.987	1.6558	1.29705	-19.4925	
0.2 1.987	1.66779	1.19895	-19.4925	
0.21 1.987	1.6788	1.10085	-19.4925	
0.22 1.987	1.68883	1.00275	-19.4925	
0.23 1.987	1.69787	0.90465	-19.4925	
0.24 1.987	1.70594	0.80655	-19.4925	
0.25 1.987	1.71302	0.70845	-19.4925	
0.26 1.987	1.71913	0.61035	-19.4925	
0.27 1.987	1.72425	0.51225	-19.4925	
0.28 1.987	1.72839	0.41415	-19.4925	
0.29 1.987	1.73155	0.31605	-19.4925	
0.3 1.987	1.73373	0.21795	-19.4925	
0.31 1.987	1.73493	0.11985	-19.4925	
0.32 1.987	1.73515	0.02175	-19.4925	
0.33 1.987	1.73438	-0.07635	-19.4925	
0.34 1.987	1.73264	-0.17445	-19.4925	
0.35 1.987	1.72991	-0.27255	-19.4925	
0.36 1.987	1.72621	-0.37065	-19.4925	
0.37 1.987	1.72152	-0.46875	-19.4925	
0.38 1.987	1.71585	-0.56685	-19.4925	
0.39 1.987	1.7092	-0.66495	-19.4925	
0.4 1.987	1.70157	-0.76305	-19.4925	
0.41 1.987	1.69296	-0.86115	-19.4925	
0.42 1.987	1.68337	-0.95925	-19.4925	
0.43 1.987	1.67279	-1.05735	-19.4925	
0.44 1.987	1.66124	-1.15545	-19.4925	
0.45 1.987	1.6487	-1.25355	-19.4925	
0.46 1.987	1.63519	-1.35165	-19.4925	
0.47 1.987	1.62069	-1.44975	-19.4925	
0.48 1.987	1.60521	-1.54785	-19.4925	
0.49 1.987	1.58875	-1.64595	-19.4925	
0.5 1.987	1.57131	-1.74405	-19.4925	
0.51 1.987	1.55289	-1.84215	-19.4925	
0.52 1.987	1.53349	-1.94025	-19.4925	
0.53 1.987	1.5131	-2.03835	-19.4925	
0.54 1.987	1.49174	-2.13645	-19.4925	
0.55 1.987	1.46939	-2.23455	-19.4925	
0.56 1.987	1.44607	-2.33265	-19.4925	
0.57 1.987	1.42176	-2.43075	-19.4925	
0.58 1.987	1.39647	-2.52885	-19.4925	
0.59 1.987	1.3702	-2.62695	-19.4925	
0.6 1.987	1.34295	-2.72505	-19.4925	
0.61 1.987	1.31472	-2.82315	-19.4925	
0.62 1.987	1.28551	-2.92125	-19.4925	
0.63 1.987	1.25531	-3.01935	-19.4925	
0.64 1.987	1.22414	-3.11745	-19.4925	
0.65 1.987	1.19198	-3.21555	-19.4925	
0.66 1.987	1.15885	-3.31365	-19.4925	
0.67 1.987	1.12473	-3.41175	-19.4925	
0.68 1.987	1.08963	-3.50985	-19.4925	
0.69 1.987	1.05355	-3.60795	-19.4925	
0.7 1.987	1.01649	-3.70605	-19.4925	
0.71 1.987	0.978448	-3.80415	-19.4925	
0.72 1.987	0.939425	-3.90225	-19.4925	
0.73 1.987	0.899422	-4.00035	-19.4925	
0.74 1.987	0.858437	-4.09845	-19.4925	
0.75 1.987	0.816472	-4.19655	-19.4925	
0.76 1.987	0.773525	-4.29465	-19.4925	
0.77 1.987	0.729598	-4.39275	-19.4925	
0.78 1.987	0.684689	-4.49085	-19.4925	
0.79 1.987	0.6388	-4.58895	-19.4925	
0.8 1.987	0.591929	-4.68705	-19.4925	
0.81 1.987	0.544078	-4.78515	-19.4925	
0.82 1.987	0.495245	-4.88325	-19.4925	
0.83 1.987	0.445432	-4.98135	-19.4925	
0.84 1.987	0.394637	-5.07945	-19.4925	
0.85 1.987	0.342862	-5.17755	-19.4925	
0.86 1.987	0.290105	-5.27565	-19.4925	
0.87 1.987	0.236368	-5.37375	-19.4925	
0.88 1.987	0.181649	-5.47185	-19.4925	
0.89 1.987	0.12595	-5.56995	-19.4925	
0.9 1.987	0.0692695	-5.66805	-19.4925	
0.91 1.987	0.011608	-5.76615	-19.4925	
0.92 1.987	-0.0470345	-5.86425	-19.4925	
0.93 1.987	-0.106658	-5.96235	-19.4925	
0.94 1.987	-0.167263	-6.06045	-19.4925	
0.95 1.987	-0.228848	-6.15855	-19.4925	
0.96 1.987	-0.291415	-6.25665	-19.4925	
0.97 1.987	-0.354962	-6.35475	-19.4925	
0.98 1.987	-0.419491	-6.45285	-19.4925	
0.99 1.987	-0.485	-6.55095	-19.4925	
1 1.987	-0.551491	-6.64905	-19.4925	
1.01 1.987	-0.618962	-6.74715	-19.4925	
1.02 1.987	-0.687415	-6.84525	-19.4925	
1.03 1.987	-0.756848	-6.94335	-19.4925	
1.04 1.987	-0.827263	-7.04145	-19.4925	
1.05 1.987	-0.898658	-7.13955	-19.4925	
1.06 1.987	-0.971035	-7.23765	-19.4925	
1.07 1.987	-1.04439	-7.33575	-19.4925	
1.08 1.987	-1.11873	-7.43385	-19.4925	
1.09 1.987	-1.19405	-7.53195	-19.4925	
1.1 1.987	-1.27035	-7.63005	-19.4925	
1.11 1.987	-1.34763	-7.72815	-19.4925	
1.12 1.987	-1.42589	-7.82625	-19.4925	
1.13 1.987	-1.50514	-7.92435	-19.4925	
1.14 1.987	-1.58536	-8.02245	-19.4925	
1.15 1.987	-1.66657	-8.12055	-19.4925	
1.16 1.987	-1.74875	-8.21865	-19.4925	
1.17 1.987	-1.83192	-8.31675	-19.4925	
1.18 1.987	-1.91607	-8.41485	-19.4925	
1.19 1.987	-2.0012	-8.51295	-19.4925	
1.2 1.987	-2.08731	-8.61105	-19.4925	
1.21 1.987	-2.1744	-8.70915	-19.4925	
1.22 1.987	-2.26247	-8.80725	-19.4925	
1.23 1.987	-2.35153	-8.90535	-19.4925	
1.24 1.987	-2.44156	-9.00345	-19.4925	
1.25 1.987	-2.53258	-9.10155	-19.4925	
1.26 1.987	-2.62457	-9.19965	-19.4925	
1.27 1.987	-2.71755	-9.29775	-19.4925	
1.28 1.987	-2.81151	-9.39585	-19.4925	
1.29 1.987	-2.90645	-9.49395	-19.4925	
1.3 1.987	-3.00237	-9.59205	-19.4925	
1.31 1.987	-3.09927	-9.69015	-19.4925	
1.32 1.987	-3.19715	-9.78825	-19.4925	
1.33 1.987	-3.29602	-9.88635	-19.4925	
1.34 1.987	-3.39586	-9.98445	-19.4925	
1.35 1.987	-3.49669	-10.0825	-19.4925	
1.36 1.987	-3.59849	-10.1806	-19.4925	
1.37 1.987	-3.70128	-10.2788	-19.4925	
1.38 1.987	-3.80505	-10.3769	-19.4925	
1.39 1.987	-3.9098	-10.475	-19.4925	
1.4 1.987	-4.01553	-10.5731	-19.4925	
1.41 1.987	-4.12224	-10.6712	-19.4925	
1.42 1.987	-4.22993	-10.7693	-19.4925	
1.43 1.987	-4.33861	-10.8674	-19.4925	
1.44 1.987	-4.44826	-10.9655	-19.4925	
1.45 1.987	-4.5589	-11.0636	-19.4925	
1.46 1.987	-4.67051	-11.1617	-19.4925	
1.47 1.987	-4.78311	-11.2598	-19.4925	
1.48 1.987	-4.89669	-11.3579	-19.4925	
1.49 1.987	-5.01125	-11.456	-19.4925	
1.5 1.987	-5.12679	-11.5541	-19.4925	
1.51 1.987	-5.24331	-11.6522	-19.4925	
1.52 1.987	-5.36081	-11.7503	-19.4925	
1.53 1.987	-5.4793	-11.8484	-19.4925	
1.54 1.987	-5.59876	-11.9465	-19.4925	
1.55 1.987	-5.71921	-12.0446	-19.4925	
1.56 1.987	-5.84063	-12.1427	-19.4925	
1.57 1.987	-5.96304	-12.2408	-19.4925	
1.58 1.987	-6.08643	-12.3389	-19.4925	
1.59 1.987	-6.2108	-12.437	-19.4925	
1.6 1.987	-6.33615	-12.5351	-19.4925	
1.61 1.987	-6.46248	-12.6332	-19.4925	
1.62 1.987	-6.58979	-12.7313	-19.4925	
1.63 1.987	-6.71809	-12.8294	-19.4925	
1.64 1.987	-6.84736	-12.9275	-19.4925	
1.65 1.987	-6.97762	-13.0256	-19.4925	
1.66 1.987	-7.10885	-13.1237	-19.4925	
1.67 1.987	-7.24107	-13.2218	-19.4925	
1.68 1.987	-7.37427	-13.3199	-19.4925	
1.69 1.987	-7.50845	-13.418	-19.4925	
1.7 1.987	-7.64361	-13.5161	-19.4925	
1.71 1.987	-7.77975	-13.6142	-19.4925	
1.72 1.987	-7.91687	-13.7123	-19.4925	
1.73 1.987	-8.05498	-13.8104	-19.4925	
1.74 1.987	-8.19406	-13.9085	-19.4925	
1.75 1.987	-8.33413	-14.0066	-19.4925	
1.76 1.987	-8.47517	-14.1047	-19.4925	
1.77 1.987	-8.6172	-14.2028	-19.4925	
1.78 1.987	-8.76021	-14.3009	-19.4925	
1.79 1.987	-8.9042	-14.399	-19.4925	
1.8 1.987	-9.04917	-14.4971	-19.4925	
1.81 1.987	-9.19512	-14.5952	-19.4925	
1.82 1.987	-9.34205	-14.6933	-19.4925	
1.83 1.987	-9.48997	-14.7914	-19.4925	
1.84 1.987	-9.63886	-14.8895	-19.4925	
1.85 1.987	-9.78874	-14.9876	-19.4925	
1.86 1.987	-9.93959	-15.0857	-19.4925	
1.87 1.987	-10.0914	-15.1838	-19.4925	
1.88 1.987	-10.2443	-15.2819	-19.4925	
1.89 1.987	-10.3981	-15.38	-19.4925	
1.9 1.987	-10.5528	-15.4781	-19.4925	
1.91 1.987	-10.7086	-15.5762	-19.4925	
1.92 1.987	-10.8653	-15.6743	-19.4925	
1.93 1.987	-11.0231	-15.7724	-19.4925	
1.94 1.987	-11.1818	-15.8705	-19.4925	
1.95 1.987	-11.3414	-15.9686	-19.4925	
1.96 1.987	-11.5021	-16.0667	-19.4925	
1.97 1.987	-11.6638	-16.1648	-19.4925	
1.98 1.987	-11.8264	-16.2629	-19.4925	
1.99 1.987	-11.99	-16.361	-19.4925	
2 1.987	-12.1546	-16.4591	-19.4925	
2.01 1.987	-12.3202	-16.5572	-19.4925	
2.02 1.987	-12.4867	-16.6553	-19.4925	
2.03 1.987	-12.6542	-16.7534	-19.4925	
2.04 1.987	-12.8228	-16.8515	-19.4925	
2.05 1.987	-12.9923	-16.9496	-19.4925	
2.06 1.987	-13.1627	-17.0477	-19.4925	
2.07 1.987	-13.3342	-17.1458	-19.4925	
2.08 1.987	-13.5066	-17.2439	-19.4925	
2.09 1.987	-13.6801	-17.342	-19.4925	
2.1 1.987	-13.8545	-17.4401	-19.4925	
2.11 1.987	-14.0298	-17.5382	-19.4925	
2.12 1.987	-14.2062	-17.6363	-19.4925	
2.13 1.987	-14.3835	-17.7344	-19.4925	
2.14 1.987	-14.5619	-17.8325	-19.4925	
2.15 1.987	-14.7412	-17.9306	-19.4925	
2.16 1.987	-14.9215	-18.0287	-19.4925	
2.17 1.987	-15.1027	-18.1268	-19.4925	
2.18 1.987	-15.285	-18.2249	-19.4925	
2.19 1.987	-15.4682	-18.323	-19.4925	
2.2 1.987	-15.6524	-18.4211	-19.4925	
2.21 1.987	-15.8376	-18.5191	-19.4925	
2.22 1.987	-16.0238	-18.6172	-19.4925	
2.23 1.987	-16.2109	-18.7153	-19.4925	
2.24 1.987	-16.3991	-18.8134	-19.4925	
2.25 1.987	-16.5882	-18.9115	-19.4925	
2.26 1.987	-16.7783	-19.0096	-19.4925	
2.27 1.987	-16.9694	-19.1077	-19.4925	
2.28 1.987	-17.1614	-19.2058	-19.4925	
2.29 1.987	-17.3545	-19.3039	-19.4925	
2.3 1.987	-17.5485	-19.402	-19.4925	
2.31 1.987	-17.7435	-19.5001	-19.4925	
2.32 1.987	-17.9395	-19.5982	-19.4925	
2.33 1.987	-18.1364	-19.6963	-19.4925	
2.34 1.987	-18.3344	-19.7944	-19.4925	
